101|-1|01000|1|101|||||Oct 22 2011  4:00AM
101|-1|01000|2|101|||||Oct 22 2011  4:00AM
101|-1|01020|1|101|||||Oct 22 2011  4:00AM
101|-1|01021|1|101|||||Oct 22 2011  4:00AM
101|-1|01022|1|101|||||Oct 22 2011  4:00AM
101|-1|01023|1|101|||||Oct 22 2011  4:00AM
101|-1|01023|2|101|||||Oct 22 2011  4:00AM
101|-1|01024|1|101|||||Oct 22 2011  4:00AM
101|-1|01025|1|101|||||Oct 22 2011  4:00AM
101|-1|01040|1|101|||||Oct 22 2011  4:00AM
101|-1|01041|1|101|||||Oct 22 2011  4:00AM
101|-1|01041|2|101|||||Oct 22 2011  4:00AM
101|-1|01042|1|101|||||Oct 22 2011  4:00AM
101|-1|01042|2|101|||||Oct 22 2011  4:00AM
101|-1|01043|1|101|||||Oct 22 2011  4:00AM
101|-1|01043|2|101|||||Oct 22 2011  4:00AM
101|-1|01044|1|101|||||Oct 22 2011  4:00AM
101|-1|01044|2|101|||||Oct 22 2011  4:00AM
101|-1|01045|1|101|||||Oct 22 2011  4:00AM
101|-1|01045|2|101|||||Oct 22 2011  4:00AM
101|-1|01051|1|101|||||Oct 22 2011  4:00AM
101|-1|01051|2|101|||||Oct 22 2011  4:00AM
101|-1|01052|1|101|||||Oct 22 2011  4:00AM
101|-1|01052|2|101|||||Oct 22 2011  4:00AM
101|-1|01053|1|101|||||Oct 22 2011  4:00AM
101|-1|01053|2|101|||||Oct 22 2011  4:00AM
101|-1|01054|1|101|||||Oct 22 2011  4:00AM
101|-1|01054|2|101|||||Oct 22 2011  4:00AM
101|-1|01061|1|101|||||Oct 22 2011  4:00AM
101|-1|01061|2|101|||||Oct 22 2011  4:00AM
101|-1|01071|1|101|||||Oct 22 2011  4:00AM
101|-1|01071|2|101|||||Oct 22 2011  4:00AM
101|-1|01072|1|101|||||Oct 22 2011  4:00AM
101|-1|01072|2|101|||||Oct 22 2011  4:00AM
101|-1|01081|1|101|||803590||Oct 22 2011  4:00AM
101|-1|01081|2|101|||||Oct 22 2011  4:00AM
101|-1|01082|1|101|||806450||Oct 22 2011  4:00AM
101|-1|01082|2|101|||||Oct 22 2011  4:00AM
101|-1|01083|1|101|||804665||Oct 22 2011  4:00AM
101|-1|01083|2|101|||||Oct 22 2011  4:00AM
101|-1|01084|1|101|||802A30||May 15 2013  1:27AM
101|-1|01084|2|101|||||May 15 2013  1:10AM
101|-1|01085|1|101|||804960||Aug 12 2013 10:56PM
101|-1|01085|2|101|||||Aug 12 2013 10:55PM
101|-1|01086|1|101|||||Apr 23 2014  3:54PM
101|-1|01086|2|101|||||Apr 23 2014  3:54PM
101|-1|01087|1|101|||||Jul  6 2015  1:54PM
101|-1|01087|2|101|||||Jul  6 2015  1:54PM
101|-1|01088|1|101|||N/A||Jul 29 2015  2:53PM
101|-1|01088|2|101|||||Jul 29 2015  2:53PM
101|-1|01089|1|101|||||Aug  4 2015  4:04PM
101|-1|01089|2|101|||||Aug  4 2015  4:04PM
101|-1|01090|1|101|||||Nov 10 2015  9:53AM
101|-1|01090|2|101|||||Nov 10 2015  9:53AM
101|-1|01091|1|101|||807040||Dec 15 2015  2:05PM
101|-1|01091|2|101|||||Dec 14 2015  4:15PM
101|-1|AIRFR|1|101|||||Oct 22 2011  4:00AM
101|-1|AIRFR|2|101|||||Oct 22 2011  4:00AM
101|-1|AIRTX|1|101|||||Oct 22 2011  4:00AM
101|-1|AWRDS|1|101|||||Oct 22 2011  4:00AM
101|-1|BANKF|1|101|||||Oct 22 2011  4:00AM
101|-1|BANKF|2|101|||||Oct 22 2011  4:00AM
101|-1|BRKFT|1|101|||||Oct 22 2011  4:00AM
101|-1|BRKFT|2|101|||||Oct 22 2011  4:00AM
101|-1|BUSML|1|101|||||Oct 22 2011  4:00AM
101|-1|BUSML|2|101|||||Oct 22 2011  4:00AM
101|-1|BUSPR|1|101|||||Oct 22 2011  4:00AM
101|-1|BUSPR|2|101|||||Oct 22 2011  4:00AM
101|-1|BUSXX|1|101|||||Oct 22 2011  4:00AM
101|-1|BUSXX|2|101|||||Oct 22 2011  4:00AM
101|-1|CARMA|1|101|||||Oct 22 2011  4:00AM
101|-1|CARMA|2|101|||||Oct 22 2011  4:00AM
101|-1|CARMI|1|101|||||Oct 22 2011  4:00AM
101|-1|CARMI|2|101|||||Oct 22 2011  4:00AM
101|-1|CAROL|1|101|||||Oct 22 2011  4:00AM
101|-1|CAROL|2|101|||||Oct 22 2011  4:00AM
101|-1|CARRT|1|101|||||Oct 22 2011  4:00AM
101|-1|CARRT|2|101|||||Oct 22 2011  4:00AM
101|-1|CARWA|1|101|||||Oct 22 2011  4:00AM
101|-1|CARWA|2|101|||||Oct 22 2011  4:00AM
101|-1|CELPH|1|101|||||Oct 22 2011  4:00AM
101|-1|CELPH|2|101|||||Oct 22 2011  4:00AM
101|-1|CSHRN|1|101|||||Oct 22 2011  4:00AM
101|-1|CSHRN|2|101|||||Oct 22 2011  4:00AM
101|-1|CURGL|1|101|||||Oct 22 2011  4:00AM
101|-1|CURGL|2|101|||||Oct 22 2011  4:00AM
101|-1|DINNR|1|101|||||Oct 22 2011  4:00AM
101|-1|DINNR|2|101|||||Oct 22 2011  4:00AM
101|-1|DUESX|1|101|||||Oct 22 2011  4:00AM
101|-1|DUESX|2|101|||||Oct 22 2011  4:00AM
101|-1|DUPLC|1|101|||||Oct 22 2011  4:00AM
101|-1|DUPLC|2|101|||||Oct 22 2011  4:00AM
101|-1|ENTOT|1|101|||||Oct 22 2011  4:00AM
101|-1|ENTOT|2|101|||||Oct 22 2011  4:00AM
101|-1|FXINC|1|101|||||Apr 13 2017 10:57PM
101|-1|FXINC|2|101|||||Apr 13 2017 10:57PM
101|-1|FXLDG|1|101|||||Oct 22 2011  4:00AM
101|-1|FXLDG|2|101|||||Oct 22 2011  4:00AM
101|-1|FXMLG|1|101|||||Oct 22 2011  4:00AM
101|-1|FXMLG|2|101|||||Oct 22 2011  4:00AM
101|-1|FXMLS|1|101|||||Oct 22 2011  4:00AM
101|-1|FXMLS|2|101|||||Oct 22 2011  4:00AM
101|-1|GASXX|1|101|||||Oct 22 2011  4:00AM
101|-1|GASXX|2|101|||||Oct 22 2011  4:00AM
101|-1|GIFTS|1|101|||||Oct 22 2011  4:00AM
101|-1|GIFTS|2|101|||||Oct 22 2011  4:00AM
101|-1|INCTS|1|101|||||Oct 22 2011  4:00AM
101|-1|INCTS|2|101|||||Oct 22 2011  4:00AM
101|-1|JTRAN|1|101|||||Jan 21 2012  3:30AM
101|-1|JTRAN|2|101|||||Jan 21 2012  3:30AM
101|-1|LIMOS|1|101|||||Oct 22 2011  4:00AM
101|-1|LIMOS|2|101|||||Oct 22 2011  4:00AM
101|-1|LNDRY|1|101|||||Oct 22 2011  4:00AM
101|-1|LNDRY|2|101|||||Oct 22 2011  4:00AM
101|-1|LOCPH|1|101|||||Oct 22 2011  4:00AM
101|-1|LOCPH|2|101|||||Oct 22 2011  4:00AM
101|-1|LODNG|1|101|||||Oct 22 2011  4:00AM
101|-1|LODNG|2|101|||||Oct 22 2011  4:00AM
101|-1|LODTX|1|101|||||Oct 22 2011  4:00AM
101|-1|LODTX|2|101|||||Oct 22 2011  4:00AM
101|-1|LONGD|1|101|||||Oct 22 2011  4:00AM
101|-1|LONGD|2|101|||||Oct 22 2011  4:00AM
101|-1|LUNCH|1|101|||||Oct 22 2011  4:00AM
101|-1|LUNCH|2|101|||||Oct 22 2011  4:00AM
101|-1|MILEG|1|101|||||Oct 22 2011  4:00AM
101|-1|MILEG|2|101|||||Oct 22 2011  4:00AM
101|-1|MISCL|1|101|||||Oct 22 2011  4:00AM
101|-1|MISCL|2|101|||||Oct 22 2011  4:00AM
101|-1|MTNGS|1|101|||||Oct 22 2011  4:00AM
101|-1|MTNGS|2|101|||||Oct 22 2011  4:00AM
101|-1|MTRLS|1|101|||||Oct 22 2011  4:00AM
101|-1|MTRLS|2|101|||||Oct 22 2011  4:00AM
101|-1|OFCSP|1|101|||||Oct 22 2011  4:00AM
101|-1|OFCSP|2|101|||||Oct 22 2011  4:00AM
101|-1|ONLIN|1|101|||||Oct 22 2011  4:00AM
101|-1|ONLIN|2|101|||||Oct 22 2011  4:00AM
101|-1|OVRNT|1|101|||||Oct 22 2011  4:00AM
101|-1|OVRNT|2|101|||||Oct 22 2011  4:00AM
101|-1|PAGER|1|101|||||Oct 22 2011  4:00AM
101|-1|PAGER|2|101|||||Oct 22 2011  4:00AM
101|-1|PARKG|1|101|||||Oct 22 2011  4:00AM
101|-1|PARKG|2|101|||||Oct 22 2011  4:00AM
101|-1|PCARX|1|101|||||Oct 22 2011  4:00AM
101|-1|POSTG|1|101|||||Oct 22 2011  4:00AM
101|-1|POSTG|2|101|||||Oct 22 2011  4:00AM
101|-1|PVMLS|1|101|||||Oct 22 2011  4:00AM
101|-1|PVMLS|2|101|||||Oct 22 2011  4:00AM
101|-1|SEMNR|1|101|||||Oct 22 2011  4:00AM
101|-1|SEMNR|2|101|||||Oct 22 2011  4:00AM
101|-1|SUBSC|1|101|||||Oct 22 2011  4:00AM
101|-1|SUBSC|2|101|||||Oct 22 2011  4:00AM
101|-1|SUBWY|1|101|||||Oct 22 2011  4:00AM
101|-1|SUBWY|2|101|||||Oct 22 2011  4:00AM
101|-1|TAGFE|1|101|||||Oct 22 2011  4:00AM
101|-1|TAGFE|2|101|||||Oct 22 2011  4:00AM
101|-1|TAXIX|1|101|||||Oct 22 2011  4:00AM
101|-1|TAXIX|2|101|||||Oct 22 2011  4:00AM
101|-1|TOLLS|1|101|||||Oct 22 2011  4:00AM
101|-1|TOLLS|2|101|||||Oct 22 2011  4:00AM
101|-1|TRAIN|1|101|||||Oct 22 2011  4:00AM
101|-1|TRAIN|2|101|||||Oct 22 2011  4:00AM
101|-1|TRDSH|1|101|||||Oct 22 2011  4:00AM
101|-1|TRDSH|2|101|||||Oct 22 2011  4:00AM
101|-1|TXMLS|1|101|||||Oct 22 2011  4:00AM
101|-1|TXMLS|2|101|||||Oct 22 2011  4:00AM
101|-1|UNDEF|1|101|||UNDEF||Oct 22 2011  4:00AM
101|2|01000|1|101|||N/A||Oct 22 2011  4:00AM
101|2|01000|2|101|||N/A||Oct 22 2011  4:00AM
101|2|01020|1|101|||803000||Oct 22 2011  4:00AM
101|2|01021|1|101|||||Oct 22 2011  4:00AM
101|2|01022|1|101|||803410||Oct 22 2011  4:00AM
101|2|01023|1|101|||806010||Oct 22 2011  4:00AM
101|2|01023|2|101|||||Oct 22 2011  4:00AM
101|2|01024|1|101|||803070||Oct 22 2011  4:00AM
101|2|01025|1|101|||803100||Oct 22 2011  4:00AM
101|2|01040|1|101|||803120||Oct 22 2011  4:00AM
101|2|01041|1|101|||||Oct 22 2011  4:00AM
101|2|01041|2|101|||||Oct 22 2011  4:00AM
101|2|01042|1|101|||||Oct 22 2011  4:00AM
101|2|01042|2|101|||||Oct 22 2011  4:00AM
101|2|01043|1|101|||||Oct 22 2011  4:00AM
101|2|01043|2|101|||||Oct 22 2011  4:00AM
101|2|01044|1|101|||||Oct 22 2011  4:00AM
101|2|01044|2|101|||||Oct 22 2011  4:00AM
101|2|01045|1|101|||||Oct 22 2011  4:00AM
101|2|01045|2|101|||||Oct 22 2011  4:00AM
101|2|01051|1|101|||||Oct 22 2011  4:00AM
101|2|01051|2|101|||||Oct 22 2011  4:00AM
101|2|01052|1|101|||||Oct 22 2011  4:00AM
101|2|01052|2|101|||||Oct 22 2011  4:00AM
101|2|01053|1|101|||||Oct 22 2011  4:00AM
101|2|01053|2|101|||||Oct 22 2011  4:00AM
101|2|01054|1|101|||||Oct 22 2011  4:00AM
101|2|01054|2|101|||||Oct 22 2011  4:00AM
101|2|01061|1|101|||||Oct 22 2011  4:00AM
101|2|01061|2|101|||||Oct 22 2011  4:00AM
101|2|01071|1|101|||||Oct 22 2011  4:00AM
101|2|01071|2|101|||||Oct 22 2011  4:00AM
101|2|01072|1|101|||||Oct 22 2011  4:00AM
101|2|01072|2|101|||||Oct 22 2011  4:00AM
101|2|01081|1|101|-1||||Oct 22 2011  4:00AM
101|2|01081|2|101|||||Oct 22 2011  4:00AM
101|2|01082|1|101|-1||||Oct 22 2011  4:00AM
101|2|01082|2|101|||||Oct 22 2011  4:00AM
101|2|01083|1|101|-1||||Oct 22 2011  4:00AM
101|2|01083|2|101|||||Oct 22 2011  4:00AM
101|2|01084|1|101|-1||||May 15 2013  1:27AM
101|2|01084|2|101|||||May 15 2013  1:10AM
101|2|01085|1|101|-1||||Aug 12 2013 10:56PM
101|2|01085|2|101|||||Aug 12 2013 10:55PM
101|2|01086|1|101|||804639||Jun  5 2015 12:40PM
101|2|01086|2|101|||||Apr 23 2014  3:54PM
101|2|01087|1|101|||802500||Jul  6 2015  1:54PM
101|2|01087|2|101|||||Jul  6 2015  1:54PM
101|2|01088|1|101|-1||||Jul 29 2015  2:53PM
101|2|01088|2|101|||||Jul 29 2015  2:53PM
101|2|01089|1|101|||949510||Aug  4 2015  4:04PM
101|2|01089|2|101|||||Aug  4 2015  4:04PM
101|2|01090|1|101|||803020||Nov 10 2015 10:04AM
101|2|01090|2|101|||||Nov 10 2015  9:53AM
101|2|01091|1|101|-1||||Dec 15 2015  2:05PM
101|2|01091|2|101|||||Dec 14 2015  4:15PM
101|2|AIRFR|1|101||1444|804620||Oct 22 2011  4:00AM
101|2|AIRFR|2|101|||||Oct 22 2011  4:00AM
101|2|AIRTX|1|101||1444|N/A||Oct 22 2011  4:00AM
101|2|AWRDS|1|101||1444|803070||Oct 22 2011  4:00AM
101|2|BANKF|1|101||1444|N/A||Oct 22 2011  4:00AM
101|2|BANKF|2|101|||||Oct 22 2011  4:00AM
101|2|BRKFT|1|101||1444|804280||Oct 22 2011  4:00AM
101|2|BRKFT|2|101||1444|804280||Oct 22 2011  4:00AM
101|2|BUSML|1|101||1444|803100||Oct 22 2011  4:00AM
101|2|BUSML|2|101||1444|803100||Oct 22 2011  4:00AM
101|2|BUSPR|1|101||1444|N/A||Oct 22 2011  4:00AM
101|2|BUSPR|2|101|||||Oct 22 2011  4:00AM
101|2|BUSXX|1|101||1444|804670||Oct 22 2011  4:00AM
101|2|BUSXX|2|101|||||Oct 22 2011  4:00AM
101|2|CARMA|1|101||1444|804670||Oct 22 2011  4:00AM
101|2|CARMA|2|101|||||Oct 22 2011  4:00AM
101|2|CARMI|1|101||1444|N/A||Oct 22 2011  4:00AM
101|2|CARMI|2|101||1444|N/A||Oct 22 2011  4:00AM
101|2|CAROL|1|101||1444|804670||Oct 22 2011  4:00AM
101|2|CAROL|2|101|||||Oct 22 2011  4:00AM
101|2|CARRT|1|101||1444|804670||Oct 22 2011  4:00AM
101|2|CARRT|2|101|||||Oct 22 2011  4:00AM
101|2|CARWA|1|101||1444|804670||Oct 22 2011  4:00AM
101|2|CARWA|2|101|||||Oct 22 2011  4:00AM
101|2|CELPH|1|101||1444|N/A||Oct 22 2011  4:00AM
101|2|CELPH|2|101|||||Oct 22 2011  4:00AM
101|2|CSHRN|1|101||1444|19103A||Oct 22 2011  4:00AM
101|2|CSHRN|2|101|||||Oct 22 2011  4:00AM
101|2|CURGL|1|101||1444|N/A||Oct 22 2011  4:00AM
101|2|CURGL|2|101|||||Oct 22 2011  4:00AM
101|2|DINNR|1|101||1444|804280||Oct 22 2011  4:00AM
101|2|DINNR|2|101||1444|804280||Oct 22 2011  4:00AM
101|2|DUESX|1|101||1444|N/A||Oct 22 2011  4:00AM
101|2|DUESX|2|101|||||Oct 22 2011  4:00AM
101|2|DUPLC|1|101||1444|N/A||Oct 22 2011  4:00AM
101|2|DUPLC|2|101|||||Oct 22 2011  4:00AM
101|2|ENTOT|1|101||1444|803100||Oct 22 2011  4:00AM
101|2|ENTOT|2|101|||||Oct 22 2011  4:00AM
101|2|FXINC|1|101|||||Apr 13 2017 10:57PM
101|2|FXINC|2|101|||||Apr 13 2017 10:57PM
101|2|FXLDG|1|101||1444|804279||Jun  2 2015  6:02PM
101|2|FXLDG|2|101|-1|1444|804279||Jun  2 2015  6:02PM
101|2|FXMLG|1|101|||804279||Jun  2 2015  6:03PM
101|2|FXMLG|2|101|||||Oct 22 2011  4:00AM
101|2|FXMLS|1|101||1444|804279||Jun  2 2015  1:43PM
101|2|FXMLS|2|101|-1|1444|804279||Jun  2 2015  1:43PM
101|2|GASXX|1|101||1444|804670||Oct 22 2011  4:00AM
101|2|GASXX|2|101|||||Oct 22 2011  4:00AM
101|2|GIFTS|1|101||1444|803070||Oct 22 2011  4:00AM
101|2|GIFTS|2|101|||||Oct 22 2011  4:00AM
101|2|INCTS|1|101||1444|804640||Oct 22 2011  4:00AM
101|2|INCTS|2|101|||||Oct 22 2011  4:00AM
101|2|JTRAN|1|101|||||Jan 21 2012  3:30AM
101|2|JTRAN|2|101|||||Jan 21 2012  3:30AM
101|2|LIMOS|1|101||1444|804670||Oct 22 2011  4:00AM
101|2|LIMOS|2|101|||||Oct 22 2011  4:00AM
101|2|LNDRY|1|101||1444|804640||Oct 22 2011  4:00AM
101|2|LNDRY|2|101|||||Oct 22 2011  4:00AM
101|2|LOCPH|1|101||1444|804271||Oct 22 2011  4:00AM
101|2|LOCPH|2|101|||||Oct 22 2011  4:00AM
101|2|LODNG|1|101||1444|804270||Oct 22 2011  4:00AM
101|2|LODNG|2|101||1444|804270||Oct 22 2011  4:00AM
101|2|LODTX|1|101||1444|804270||Oct 22 2011  4:00AM
101|2|LODTX|2|101||1444|N/A||Oct 22 2011  4:00AM
101|2|LONGD|1|101||1444|804271||Oct 22 2011  4:00AM
101|2|LONGD|2|101|||||Oct 22 2011  4:00AM
101|2|LUNCH|1|101||1444|804280||Oct 22 2011  4:00AM
101|2|LUNCH|2|101||1444|804280||Oct 22 2011  4:00AM
101|2|MILEG|1|101||1444|804670||Oct 22 2011  4:00AM
101|2|MILEG|2|101|||||Oct 22 2011  4:00AM
101|2|MISCL|1|101||1444|804330||Oct 22 2011  4:00AM
101|2|MISCL|2|101|||||Oct 22 2011  4:00AM
101|2|MTNGS|1|101||1444|804630||Oct 22 2011  4:00AM
101|2|MTNGS|2|101|||||Oct 22 2011  4:00AM
101|2|MTRLS|1|101||1444|804190||Oct 22 2011  4:00AM
101|2|MTRLS|2|101|||||Oct 22 2011  4:00AM
101|2|OFCSP|1|101||1444|804430||Oct 22 2011  4:00AM
101|2|OFCSP|2|101|||||Oct 22 2011  4:00AM
101|2|ONLIN|1|101||1444|804271||Oct 22 2011  4:00AM
101|2|ONLIN|2|101|||||Oct 22 2011  4:00AM
101|2|OVRNT|1|101|||804279||Jun  2 2015  6:04PM
101|2|OVRNT|2|101|||804279||Jun  2 2015  6:04PM
101|2|PAGER|1|101||1444|N/A||Oct 22 2011  4:00AM
101|2|PAGER|2|101|||||Oct 22 2011  4:00AM
101|2|PARKG|1|101||1444|804670||Oct 22 2011  4:00AM
101|2|PARKG|2|101|||||Oct 22 2011  4:00AM
101|2|PCARX|1|101||1444|N/A||Oct 22 2011  4:00AM
101|2|POSTG|1|101||1444|804430||Oct 22 2011  4:00AM
101|2|POSTG|2|101|||||Oct 22 2011  4:00AM
101|2|PVMLS|1|101|||804279||Jun  2 2015  6:04PM
101|2|PVMLS|2|101|||804279||Jun  2 2015  6:04PM
101|2|SEMNR|1|101||1444|803110||Oct 22 2011  4:00AM
101|2|SEMNR|2|101|||||Oct 22 2011  4:00AM
101|2|SUBSC|1|101||1444|804430||Oct 22 2011  4:00AM
101|2|SUBSC|2|101|||||Oct 22 2011  4:00AM
101|2|SUBWY|1|101||1444|804670||Oct 22 2011  4:00AM
101|2|SUBWY|2|101|||||Oct 22 2011  4:00AM
101|2|TAGFE|1|101||1444|N/A||Oct 22 2011  4:00AM
101|2|TAGFE|2|101|||||Oct 22 2011  4:00AM
101|2|TAXIX|1|101||1444|804670||Oct 22 2011  4:00AM
101|2|TAXIX|2|101|||||Oct 22 2011  4:00AM
101|2|TOLLS|1|101||1444|804670||Oct 22 2011  4:00AM
101|2|TOLLS|2|101|||||Oct 22 2011  4:00AM
101|2|TRAIN|1|101||1444|804670||Oct 22 2011  4:00AM
101|2|TRAIN|2|101|||||Oct 22 2011  4:00AM
101|2|TRDSH|1|101||1444|803110||Oct 22 2011  4:00AM
101|2|TRDSH|2|101|||||Oct 22 2011  4:00AM
101|2|TXMLS|1|101|||804279||Jun  2 2015  6:04PM
101|2|TXMLS|2|101|||804279||Jun  2 2015  6:04PM
101|2|UNDEF|1|101|||UNDEF||Oct 22 2011  4:00AM
101|4|01021|1|101||1747|||Oct 22 2011  4:00AM
101|4|01022|1|101|2|1747|DELETED||Oct 22 2011  4:00AM
101|4|01023|1|101|2|1747|806010||Oct 22 2011  4:00AM
101|4|01023|2|101||1747|||Oct 22 2011  4:00AM
101|4|01041|1|101||1747|804150||Oct 22 2011  4:00AM
101|4|01041|2|101||1747|||Oct 22 2011  4:00AM
101|4|01042|1|101||1747|802410||Oct 22 2011  4:00AM
101|4|01042|2|101||1747|||Oct 22 2011  4:00AM
101|4|01043|1|101||1747|804560||Oct 22 2011  4:00AM
101|4|01043|2|101||1747|||Oct 22 2011  4:00AM
101|4|01044|1|101||1747|804330||Oct 22 2011  4:00AM
101|4|01044|2|101||1747|||Oct 22 2011  4:00AM
101|4|01045|1|101||1747|804380||Oct 22 2011  4:00AM
101|4|01045|2|101||1747|||Oct 22 2011  4:00AM
101|4|01051|1|101||1747|803910||Oct 22 2011  4:00AM
101|4|01051|2|101||1747|||Oct 22 2011  4:00AM
101|4|01052|1|101||1747|803430||Oct 22 2011  4:00AM
101|4|01052|2|101||1747|||Oct 22 2011  4:00AM
101|4|01053|1|101||1747|803050||Oct 22 2011  4:00AM
101|4|01053|2|101||1747|||Oct 22 2011  4:00AM
101|4|01054|1|101||1747|803150||Oct 22 2011  4:00AM
101|4|01054|2|101||1747|||Oct 22 2011  4:00AM
101|4|01061|1|101||1747|803431||Oct 22 2011  4:00AM
101|4|01061|2|101||1747|||Oct 22 2011  4:00AM
101|4|01071|1|101||1747|803000||Oct 22 2011  4:00AM
101|4|01071|2|101||1747|||Oct 22 2011  4:00AM
101|4|01072|1|101||1747|807070||Oct 22 2011  4:00AM
101|4|01072|2|101||1747|||Oct 22 2011  4:00AM
101|4|01081|1|101|-1|1747|||Oct 22 2011  4:00AM
101|4|01081|2|101||1747|||Oct 22 2011  4:00AM
101|4|01082|1|101|-1|1747|||Oct 22 2011  4:00AM
101|4|01082|2|101||1747|||Oct 22 2011  4:00AM
101|4|01083|1|101|-1|1747|||Oct 22 2011  4:00AM
101|4|01083|2|101||1747|||Oct 22 2011  4:00AM
101|4|01084|1|101|-1|1747|||May 15 2013  1:27AM
101|4|01084|2|101||1747|||May 15 2013  1:10AM
101|4|01085|1|101|-1|1747|804960||Aug 13 2013 11:52AM
101|4|01085|2|101||1747|||Aug 12 2013 10:55PM
101|4|01086|1|101|2|1747|||Jun  5 2015 12:40PM
101|4|01086|2|101||1747|||Apr 23 2014  3:54PM
101|4|01087|1|101|2|1747|||Jul  6 2015  1:54PM
101|4|01087|2|101||1747|||Jul  6 2015  1:54PM
101|4|01088|1|101|-1|1747|||Jul 29 2015  2:53PM
101|4|01088|2|101||1747|||Jul 29 2015  2:53PM
101|4|01089|1|101|2|1747|||Aug  4 2015  4:04PM
101|4|01089|2|101||1747|||Aug  4 2015  4:04PM
101|4|01090|1|101|2|1747|803020||Nov 10 2015 10:04AM
101|4|01090|2|101||1747|||Nov 10 2015  9:53AM
101|4|01091|1|101|-1|1747|807040||Dec 15 2015  2:05PM
101|4|01091|2|101||1747|||Dec 14 2015  4:15PM
101|4|AIRFR|1|101|2|1747|804620||Oct 22 2011  4:00AM
101|4|AIRFR|2|101||1747|||Oct 22 2011  4:00AM
101|4|BANKF|1|101|2|1747|804640||Oct 22 2011  4:00AM
101|4|BANKF|2|101||1747|||Oct 22 2011  4:00AM
101|4|BRKFT|1|101|2|1747|804280||Oct 22 2011  4:00AM
101|4|BRKFT|2|101|2|1747|||Oct 22 2011  4:00AM
101|4|BUSML|1|101|2|1747|803100||Oct 22 2011  4:00AM
101|4|BUSML|2|101|2|1747|||Oct 22 2011  4:00AM
101|4|BUSPR|1|101|2|1747|807030||Oct 22 2011  4:00AM
101|4|BUSPR|2|101||1747|||Oct 22 2011  4:00AM
101|4|BUSXX|1|101|2|1747|804670||Oct 22 2011  4:00AM
101|4|BUSXX|2|101||1747|||Oct 22 2011  4:00AM
101|4|CARMA|1|101|2|1747|804670||Oct 22 2011  4:00AM
101|4|CARMA|2|101||1747|||Oct 22 2011  4:00AM
101|4|CARMI|1|101|2|1747|||Oct 22 2011  4:00AM
101|4|CARMI|2|101|2|1747|||Oct 22 2011  4:00AM
101|4|CAROL|1|101|2|1747|804670||Oct 22 2011  4:00AM
101|4|CAROL|2|101||1747|||Oct 22 2011  4:00AM
101|4|CARRT|1|101|2|1747|804670||Oct 22 2011  4:00AM
101|4|CARRT|2|101||1747|||Oct 22 2011  4:00AM
101|4|CARWA|1|101|2|1747|804670||Oct 22 2011  4:00AM
101|4|CARWA|2|101||1747|||Oct 22 2011  4:00AM
101|4|CELPH|1|101|2|1747|802770||Oct 22 2011  4:00AM
101|4|CELPH|2|101||1747|||Oct 22 2011  4:00AM
101|4|CSHRN|1|101|2|1747|19103A||Oct 22 2011  4:00AM
101|4|CSHRN|2|101||1747|||Oct 22 2011  4:00AM
101|4|CURGL|1|101|2|1747|932099||Oct 22 2011  4:00AM
101|4|CURGL|2|101||1747|||Oct 22 2011  4:00AM
101|4|DINNR|1|101|2|1747|804280||Oct 22 2011  4:00AM
101|4|DINNR|2|101|2|1747|||Oct 22 2011  4:00AM
101|4|DUESX|1|101|2|1747|803310||Oct 22 2011  4:00AM
101|4|DUESX|2|101||1747|||Oct 22 2011  4:00AM
101|4|DUPLC|1|101|2|1747|804330||Oct 22 2011  4:00AM
101|4|DUPLC|2|101||1747|||Oct 22 2011  4:00AM
101|4|ENTOT|1|101|2|1747|803100||Oct 22 2011  4:00AM
101|4|ENTOT|2|101||1747|||Oct 22 2011  4:00AM
101|4|FXINC|1|101||1747|||Apr 13 2017 10:57PM
101|4|FXINC|2|101||1747|||Apr 13 2017 10:57PM
101|4|FXLDG|1|101|2|1747|804279||Jun  2 2015  6:10PM
101|4|FXLDG|2|101||1747|804279||Jun  2 2015  6:10PM
101|4|FXMLG|1|101|2|1747|804279||Jun  2 2015  6:10PM
101|4|FXMLG|2|101||1747|804279||Jun  2 2015  6:10PM
101|4|FXMLS|1|101|2|1747|804279||Jun  2 2015  6:10PM
101|4|FXMLS|2|101||1747|804279||Jun  2 2015  6:10PM
101|4|GASXX|1|101|2|1747|804670||Oct 22 2011  4:00AM
101|4|GASXX|2|101||1747|||Oct 22 2011  4:00AM
101|4|GIFTS|1|101|2|1747|803070||Oct 22 2011  4:00AM
101|4|GIFTS|2|101||1747|||Oct 22 2011  4:00AM
101|4|INCTS|1|101|2|1747|804640||Oct 22 2011  4:00AM
101|4|INCTS|2|101||1747|||Oct 22 2011  4:00AM
101|4|JTRAN|1|101||1747|||Jan 21 2012  3:30AM
101|4|JTRAN|2|101||1747|||Jan 21 2012  3:30AM
101|4|LIMOS|1|101|2|1747|804670||Oct 22 2011  4:00AM
101|4|LIMOS|2|101||1747|||Oct 22 2011  4:00AM
101|4|LNDRY|1|101|2|1747|804640||Oct 22 2011  4:00AM
101|4|LNDRY|2|101||1747|||Oct 22 2011  4:00AM
101|4|LOCPH|1|101|2|1747|804271||Oct 22 2011  4:00AM
101|4|LOCPH|2|101||1747|||Oct 22 2011  4:00AM
101|4|LODNG|1|101|2|1747|804270||Oct 22 2011  4:00AM
101|4|LODNG|2|101|2|1747|||Oct 22 2011  4:00AM
101|4|LODTX|1|101|2|1747|804270||Oct 22 2011  4:00AM
101|4|LODTX|2|101|2|1747|||Oct 22 2011  4:00AM
101|4|LONGD|1|101|2|1747|804271||Oct 22 2011  4:00AM
101|4|LONGD|2|101||1747|||Oct 22 2011  4:00AM
101|4|LUNCH|1|101|2|1747|804280||Oct 22 2011  4:00AM
101|4|LUNCH|2|101|2|1747|||Oct 22 2011  4:00AM
101|4|MILEG|1|101|2|1747|804670||Oct 22 2011  4:00AM
101|4|MILEG|2|101||1747|||Oct 22 2011  4:00AM
101|4|MISCL|1|101|2|1747|804640||Oct 22 2011  4:00AM
101|4|MISCL|2|101||1747|||Oct 22 2011  4:00AM
101|4|MTNGS|1|101|2|1747|804630||Oct 22 2011  4:00AM
101|4|MTNGS|2|101||1747|||Oct 22 2011  4:00AM
101|4|MTRLS|1|101|2|1747|804190||Oct 22 2011  4:00AM
101|4|MTRLS|2|101||1747|||Oct 22 2011  4:00AM
101|4|OFCSP|1|101|2|1747|804430||Oct 22 2011  4:00AM
101|4|OFCSP|2|101||1747|||Oct 22 2011  4:00AM
101|4|ONLIN|1|101|2|1747|804271||Oct 22 2011  4:00AM
101|4|ONLIN|2|101||1747|||Oct 22 2011  4:00AM
101|4|OVRNT|1|101|2|1747|804279||Jun  2 2015  6:11PM
101|4|OVRNT|2|101|2|1747|804279||Jun  2 2015  6:11PM
101|4|PAGER|1|101|2|1747|802770||Oct 22 2011  4:00AM
101|4|PAGER|2|101||1747|||Oct 22 2011  4:00AM
101|4|PARKG|1|101|2|1747|804670||Oct 22 2011  4:00AM
101|4|PARKG|2|101||1747|||Oct 22 2011  4:00AM
101|4|POSTG|1|101|2|1747|807250||Oct 22 2011  4:00AM
101|4|POSTG|2|101||1747|||Oct 22 2011  4:00AM
101|4|PVMLS|1|101|2|1747|804279||Jun  2 2015  6:11PM
101|4|PVMLS|2|101|2|1747|||Jun  2 2015  6:04PM
101|4|SEMNR|1|101|2|1747|803110||Oct 22 2011  4:00AM
101|4|SEMNR|2|101||1747|||Oct 22 2011  4:00AM
101|4|SUBSC|1|101|2|1747|803400||Apr 26 2012  5:50PM
101|4|SUBSC|2|101||1747|||Oct 22 2011  4:00AM
101|4|SUBWY|1|101|2|1747|804670||Oct 22 2011  4:00AM
101|4|SUBWY|2|101||1747|||Oct 22 2011  4:00AM
101|4|TAGFE|1|101|2|1747|804640||Oct 22 2011  4:00AM
101|4|TAGFE|2|101||1747|||Oct 22 2011  4:00AM
101|4|TAXIX|1|101|2|1747|804670||Oct 22 2011  4:00AM
101|4|TAXIX|2|101||1747|||Oct 22 2011  4:00AM
101|4|TOLLS|1|101|2|1747|804670||Oct 22 2011  4:00AM
101|4|TOLLS|2|101||1747|||Oct 22 2011  4:00AM
101|4|TRAIN|1|101|2|1747|804670||Oct 22 2011  4:00AM
101|4|TRAIN|2|101||1747|||Oct 22 2011  4:00AM
101|4|TRDSH|1|101|2|1747|803110||Oct 22 2011  4:00AM
101|4|TRDSH|2|101||1747|||Oct 22 2011  4:00AM
101|4|TXMLS|1|101|2|1747|804279||Jun  2 2015  6:11PM
101|4|TXMLS|2|101|2|1747|804279||Jun  2 2015  6:11PM
101|5|01021|1|101||1747|||Oct 22 2011  4:00AM
101|5|01022|1|101|2|1747|||Oct 22 2011  4:00AM
101|5|01023|1|101|2|1747|804639||Oct 22 2011  4:00AM
101|5|01023|2|101||1747|||Oct 22 2011  4:00AM
101|5|01041|1|101||1747|804639||Oct 22 2011  4:00AM
101|5|01041|2|101||1747|||Oct 22 2011  4:00AM
101|5|01042|1|101||1747|804639||Oct 22 2011  4:00AM
101|5|01042|2|101||1747|||Oct 22 2011  4:00AM
101|5|01043|1|101||1747|804639||Oct 22 2011  4:00AM
101|5|01043|2|101||1747|||Oct 22 2011  4:00AM
101|5|01044|1|101||1747|804639||Oct 22 2011  4:00AM
101|5|01044|2|101||1747|||Oct 22 2011  4:00AM
101|5|01045|1|101||1747|804639||Oct 22 2011  4:00AM
101|5|01045|2|101||1747|||Oct 22 2011  4:00AM
101|5|01051|1|101||1747|803910||Oct 22 2011  4:00AM
101|5|01051|2|101||1747|||Oct 22 2011  4:00AM
101|5|01052|1|101||1747|803430||Oct 22 2011  4:00AM
101|5|01052|2|101||1747|||Oct 22 2011  4:00AM
101|5|01053|1|101||1747|803050||Oct 22 2011  4:00AM
101|5|01053|2|101||1747|||Oct 22 2011  4:00AM
101|5|01054|1|101||1747|803150||Oct 22 2011  4:00AM
101|5|01054|2|101||1747|||Oct 22 2011  4:00AM
101|5|01061|1|101||1747|803431||Oct 22 2011  4:00AM
101|5|01061|2|101||1747|||Oct 22 2011  4:00AM
101|5|01071|1|101||1747|803000||Oct 22 2011  4:00AM
101|5|01071|2|101||1747|||Oct 22 2011  4:00AM
101|5|01072|1|101||1747|807070||Oct 22 2011  4:00AM
101|5|01072|2|101||1747|||Oct 22 2011  4:00AM
101|5|01081|1|101|-1|1747|||Oct 22 2011  4:00AM
101|5|01081|2|101||1747|||Oct 22 2011  4:00AM
101|5|01082|1|101|-1|1747|||Oct 22 2011  4:00AM
101|5|01082|2|101||1747|||Oct 22 2011  4:00AM
101|5|01083|1|101|-1|1747|||Oct 22 2011  4:00AM
101|5|01083|2|101||1747|||Oct 22 2011  4:00AM
101|5|01084|1|101|-1|1747|||May 15 2013  1:27AM
101|5|01084|2|101||1747|||May 15 2013  1:10AM
101|5|01085|1|101|-1|1747|804960||Aug 13 2013 11:52AM
101|5|01085|2|101||1747|||Aug 12 2013 10:55PM
101|5|01086|1|101|2|1747|||Jun  5 2015 12:40PM
101|5|01086|2|101||1747|||Apr 23 2014  3:54PM
101|5|01087|1|101|2|1747|||Jul  6 2015  1:54PM
101|5|01087|2|101||1747|||Jul  6 2015  1:54PM
101|5|01088|1|101|-1|1747|||Jul 29 2015  2:53PM
101|5|01088|2|101||1747|||Jul 29 2015  2:53PM
101|5|01089|1|101|2|1747|||Aug  4 2015  4:04PM
101|5|01089|2|101||1747|||Aug  4 2015  4:04PM
101|5|01090|1|101|2|1747|803020||Nov 10 2015 10:04AM
101|5|01090|2|101||1747|||Nov 10 2015  9:53AM
101|5|01091|1|101|-1|1747|807040||Dec 15 2015  2:05PM
101|5|01091|2|101||1747|||Dec 14 2015  4:15PM
101|5|AIRFR|1|101|2|1747|804621||Oct 22 2011  4:00AM
101|5|AIRFR|2|101||1747|||Oct 22 2011  4:00AM
101|5|BANKF|1|101|2|1747|804639||Oct 22 2011  4:00AM
101|5|BANKF|2|101||1747|||Oct 22 2011  4:00AM
101|5|BRKFT|1|101|2|1747|804279||Oct 22 2011  4:00AM
101|5|BRKFT|2|101|2|1747|||Oct 22 2011  4:00AM
101|5|BUSML|1|101|2|1747|803103||Oct 22 2011  4:00AM
101|5|BUSML|2|101|2|1747|||Oct 22 2011  4:00AM
101|5|BUSPR|1|101|2|1747|804639||Oct 22 2011  4:00AM
101|5|BUSPR|2|101||1747|||Oct 22 2011  4:00AM
101|5|BUSXX|1|101|2|1747|804669||Oct 22 2011  4:00AM
101|5|BUSXX|2|101||1747|||Oct 22 2011  4:00AM
101|5|CARMA|1|101|2|1747|804669||Oct 22 2011  4:00AM
101|5|CARMA|2|101||1747|||Oct 22 2011  4:00AM
101|5|CARMI|1|101|2|1747|||Oct 22 2011  4:00AM
101|5|CARMI|2|101|2|1747|||Oct 22 2011  4:00AM
101|5|CAROL|1|101|2|1747|804669||Oct 22 2011  4:00AM
101|5|CAROL|2|101||1747|||Oct 22 2011  4:00AM
101|5|CARRT|1|101|2|1747|804669||Oct 22 2011  4:00AM
101|5|CARRT|2|101||1747|||Oct 22 2011  4:00AM
101|5|CARWA|1|101|2|1747|804669||Oct 22 2011  4:00AM
101|5|CARWA|2|101||1747|||Oct 22 2011  4:00AM
101|5|CELPH|1|101|2|1747|804639||Oct 22 2011  4:00AM
101|5|CELPH|2|101||1747|||Oct 22 2011  4:00AM
101|5|CSHRN|1|101|2|1747|19103A||Oct 22 2011  4:00AM
101|5|CSHRN|2|101||1747|||Oct 22 2011  4:00AM
101|5|CURGL|1|101|2|1747|932099||Oct 22 2011  4:00AM
101|5|CURGL|2|101||1747|||Oct 22 2011  4:00AM
101|5|DINNR|1|101|2|1747|804279||Oct 22 2011  4:00AM
101|5|DINNR|2|101|2|1747|||Oct 22 2011  4:00AM
101|5|DUESX|1|101|2|1747|804639||Oct 22 2011  4:00AM
101|5|DUESX|2|101||1747|||Oct 22 2011  4:00AM
101|5|DUPLC|1|101|2|1747|804639||Oct 22 2011  4:00AM
101|5|DUPLC|2|101||1747|||Oct 22 2011  4:00AM
101|5|ENTOT|1|101|2|1747|803103||Oct 22 2011  4:00AM
101|5|ENTOT|2|101||1747|||Oct 22 2011  4:00AM
101|5|FXINC|1|101||1747|||Apr 13 2017 10:57PM
101|5|FXINC|2|101||1747|||Apr 13 2017 10:57PM
101|5|FXLDG|1|101|2|1747|||Oct 22 2011  4:00AM
101|5|FXLDG|2|101||1747|||Oct 22 2011  4:00AM
101|5|FXMLG|1|101|2|1747|||Jun  2 2015  6:03PM
101|5|FXMLG|2|101||1747|||Oct 22 2011  4:00AM
101|5|FXMLS|1|101|2|1747|||Oct 22 2011  4:00AM
101|5|FXMLS|2|101||1747|||Oct 22 2011  4:00AM
101|5|GASXX|1|101|2|1747|804669||Oct 22 2011  4:00AM
101|5|GASXX|2|101||1747|||Oct 22 2011  4:00AM
101|5|GIFTS|1|101|2|1747|804639||Oct 22 2011  4:00AM
101|5|GIFTS|2|101||1747|||Oct 22 2011  4:00AM
101|5|INCTS|1|101|2|1747|804639||Oct 22 2011  4:00AM
101|5|INCTS|2|101||1747|||Oct 22 2011  4:00AM
101|5|JTRAN|1|101||1747|||Jan 21 2012  3:30AM
101|5|JTRAN|2|101||1747|||Jan 21 2012  3:30AM
101|5|LIMOS|1|101|2|1747|804669||Oct 22 2011  4:00AM
101|5|LIMOS|2|101||1747|||Oct 22 2011  4:00AM
101|5|LNDRY|1|101|2|1747|804639||Oct 22 2011  4:00AM
101|5|LNDRY|2|101||1747|||Oct 22 2011  4:00AM
101|5|LOCPH|1|101|2|1747|804639||Oct 22 2011  4:00AM
101|5|LOCPH|2|101||1747|||Oct 22 2011  4:00AM
101|5|LODNG|1|101|2|1747|804275||Oct 22 2011  4:00AM
101|5|LODNG|2|101|2|1747|||Oct 22 2011  4:00AM
101|5|LODTX|1|101|2|1747|804275||Oct 22 2011  4:00AM
101|5|LODTX|2|101|2|1747|||Oct 22 2011  4:00AM
101|5|LONGD|1|101|2|1747|804639||Oct 22 2011  4:00AM
101|5|LONGD|2|101||1747|||Oct 22 2011  4:00AM
101|5|LUNCH|1|101|2|1747|804279||Oct 22 2011  4:00AM
101|5|LUNCH|2|101|2|1747|||Oct 22 2011  4:00AM
101|5|MILEG|1|101|2|1747|804669||Oct 22 2011  4:00AM
101|5|MILEG|2|101||1747|||Oct 22 2011  4:00AM
101|5|MISCL|1|101|2|1747|804639||Oct 22 2011  4:00AM
101|5|MISCL|2|101||1747|||Oct 22 2011  4:00AM
101|5|MTNGS|1|101|2|1747|803170||Oct 22 2011  4:00AM
101|5|MTNGS|2|101||1747|||Oct 22 2011  4:00AM
101|5|MTRLS|1|101|2|1747|804639||Oct 22 2011  4:00AM
101|5|MTRLS|2|101||1747|||Oct 22 2011  4:00AM
101|5|OFCSP|1|101|2|1747|804639||Oct 22 2011  4:00AM
101|5|OFCSP|2|101||1747|||Oct 22 2011  4:00AM
101|5|ONLIN|1|101|2|1747|804639||Oct 22 2011  4:00AM
101|5|ONLIN|2|101||1747|||Oct 22 2011  4:00AM
101|5|OVRNT|1|101|2|1747|804279||Jun  2 2015  6:11PM
101|5|OVRNT|2|101|2|1747|804279||Jun  2 2015  6:11PM
101|5|PAGER|1|101|2|1747|804639||Oct 22 2011  4:00AM
101|5|PAGER|2|101||1747|||Oct 22 2011  4:00AM
101|5|PARKG|1|101|2|1747|804669||Oct 22 2011  4:00AM
101|5|PARKG|2|101||1747|||Oct 22 2011  4:00AM
101|5|POSTG|1|101|2|1747|804690||Oct 22 2011  4:00AM
101|5|POSTG|2|101||1747|||Oct 22 2011  4:00AM
101|5|PVMLS|1|101|2|1747|804279||Jun  2 2015  6:11PM
101|5|PVMLS|2|101|2|1747|804279||Jun  2 2015  6:11PM
101|5|SEMNR|1|101|2|1747|804639||Oct 22 2011  4:00AM
101|5|SEMNR|2|101||1747|||Oct 22 2011  4:00AM
101|5|SUBSC|1|101|2|1747|804639||Oct 22 2011  4:00AM
101|5|SUBSC|2|101||1747|||Oct 22 2011  4:00AM
101|5|SUBWY|1|101|2|1747|804669||Oct 22 2011  4:00AM
101|5|SUBWY|2|101||1747|||Oct 22 2011  4:00AM
101|5|TAGFE|1|101|2|1747|804639||Oct 22 2011  4:00AM
101|5|TAGFE|2|101||1747|||Oct 22 2011  4:00AM
101|5|TAXIX|1|101|2|1747|804669||Oct 22 2011  4:00AM
101|5|TAXIX|2|101||1747|||Oct 22 2011  4:00AM
101|5|TOLLS|1|101|2|1747|804669||Oct 22 2011  4:00AM
101|5|TOLLS|2|101||1747|||Oct 22 2011  4:00AM
101|5|TRAIN|1|101|2|1747|804669||Oct 22 2011  4:00AM
101|5|TRAIN|2|101||1747|||Oct 22 2011  4:00AM
101|5|TRDSH|1|101|2|1747|804639||Oct 22 2011  4:00AM
101|5|TRDSH|2|101||1747|||Oct 22 2011  4:00AM
101|5|TXMLS|1|101|2|1747|804279||Jun  2 2015  6:11PM
101|5|TXMLS|2|101|2|1747|804279||Jun  2 2015  6:11PM
