101|1|254023||1||May 28 2015 11:57AM
101|43|254023||1||Jun  3 2015  1:09PM
101|44|254023||1||Jun  3 2015  1:40PM
101|45|254035|Y|2||Jun  3 2015  7:28PM
101|46|254316|Y|3||Jun  5 2015  7:05AM
101|47|249303||1||Jun 17 2015 10:34AM
101|49|254316|N|3||Jun 17 2015 11:42AM
101|52|254316|N|3||Jun 26 2015  1:19PM
101|54|253359||1||Jun 29 2015  2:45PM
101|56|253492||1||Jun 30 2015  7:06AM
101|57|253492||1||Jun 30 2015  7:37AM
101|58|5033||1||Jun 30 2015  8:26AM
101|59|5033||1||Jun 30 2015  8:47AM
101|60|5033||1||Jun 30 2015  8:55AM
101|64|5033||1||Jun 30 2015  9:20AM
101|65|5033||1||Jun 30 2015  9:39AM
101|69|5104||1||Jul  3 2015 12:26PM
101|70|249147||1||Jul  2 2015  9:36AM
101|71|5105||1||Jul  2 2015 11:26AM
101|76|253676||1||Jul  2 2015 12:54PM
101|80|16991||1||Jul  3 2015  8:07AM
101|82|253574||1||Jul  6 2015 11:12AM
101|83|253492||1||Jul  6 2015  1:44PM
101|84|254205||1||Jul  8 2015  9:33AM
101|85|5105||1||Jul  8 2015 12:31PM
101|87|249171||1||Jul  9 2015  7:19AM
101|91|5104||1||Jul  9 2015  7:48PM
101|92|254113||1||Jul 10 2015  2:06PM
101|93|254115||1||Jul 13 2015  8:48AM
101|94|254115||1||Jul 13 2015  9:17AM
101|98|254115||1||Jul 13 2015  9:45AM
101|99|254115||1||Jul 13 2015  9:58AM
101|100|5109||1||Jul 14 2015  7:48AM
101|102|253492||1||Jul 14 2015  1:33PM
101|114|248894|N|3||Jul 14 2015  1:44PM
101|115|253492||1||Jul 14 2015  5:09PM
101|116|253492||1||Jul 14 2015  5:24PM
101|119|254212||1||Jul 15 2015  7:06AM
101|120|254042||1||Jul 15 2015  8:09AM
101|121|15421||1||Jul 16 2015 11:10AM
101|122|249147||1||Jul 17 2015  8:15AM
101|123|254115||1||Jul 17 2015  8:31AM
101|126|250750|N|3||Jul 17 2015 11:12AM
101|127|250750|N|3||Jul 17 2015 12:02PM
101|139|253997||1||Jul 21 2015  2:14PM
101|140|253997||1||Jul 21 2015  2:18PM
101|141|13690||1||Jul 22 2015  8:12AM
101|142|13690||1||Jul 22 2015  8:42AM
101|144|5102||1||Jul 27 2015  8:54AM
101|145|5105||1||Jul 27 2015 11:55AM
101|146|5105||1||Jul 27 2015 12:14PM
101|148|249303||1||Jul 27 2015  2:27PM
101|152|253492||1||Jul 27 2015  3:17PM
101|153|5090||1||Jul 28 2015  1:26PM
101|154|5090||1||Jul 28 2015  2:03PM
101|156|254172||1||Jul 29 2015  8:33AM
101|166|5087||1||Aug  6 2015  3:31PM
101|167|249303||1||Jul 30 2015  8:33AM
101|168|249303||1||Jul 30 2015  9:51AM
101|169|5088||1||Jul 30 2015  1:00PM
101|170|253871||1||Jul 30 2015  1:57PM
101|171|5016||1||Aug 14 2015  9:07AM
101|177|253493||1||Aug  3 2015  1:51PM
101|194|253574||1||Aug  4 2015  6:22AM
101|195|5105||1||Aug  5 2015 11:01AM
101|196|253492||1||Aug  6 2015  9:47AM
101|198|253997||1||Aug  6 2015  2:08PM
101|199|5022||1||Aug  6 2015  3:20PM
101|200|254115||1||Aug  7 2015  6:42AM
101|201|254212||1||Aug  9 2015  5:39PM
101|202|5087||1||Aug 10 2015 11:46AM
101|203|249147||1||Aug 12 2015  8:59AM
101|204|253872||1||Aug 17 2015  7:40AM
101|214|13690||1||Aug 13 2015  1:00PM
101|215|250652||1||Aug 13 2015  1:22PM
101|216|254204||1||Aug 13 2015  9:21PM
101|219|254204||1||Aug 14 2015 10:37AM
101|221|253871||1||Aug 14 2015 11:32AM
101|222|254204||1||Aug 14 2015 11:50AM
101|223|254204||1||Aug 14 2015 12:17PM
101|225|5016||1||Aug 18 2015  9:34AM
101|226|5071||1||Oct  7 2015 10:16AM
101|227|5071||1||Aug 18 2015  1:08PM
101|228|249024||1||Aug 19 2015  1:21PM
101|229|249024||1||Aug 19 2015 11:49AM
101|230|249171||1||Aug 19 2015 12:29PM
101|231|249024||1||Aug 19 2015  1:02PM
101|232|253574||1||Aug 21 2015  7:34AM
101|233|5033||1||Aug 21 2015  1:49PM
101|234|249171||1||Aug 21 2015  2:44PM
101|235|250266||1||Aug 24 2015 11:38AM
101|237|254205||1||Aug 24 2015 12:53PM
101|238|250266||1||Aug 24 2015 12:00PM
101|239|254205||1||Aug 24 2015 12:50PM
101|242|253872||1||Aug 24 2015  2:41PM
101|243|5022||1||Aug 24 2015  2:59PM
101|244|253359||1||Aug 25 2015  6:56AM
101|253|15421||1||Aug 25 2015  9:05AM
101|254|5088||1||Aug 26 2015  1:38PM
101|255|5088||1||Aug 26 2015  3:06PM
101|256|5088||1||Aug 26 2015  3:43PM
101|259|254172||1||Aug 31 2015  9:28AM
101|263|254115||1||Sep  4 2015  2:00PM
101|264|254115||1||Sep  4 2015  2:42PM
101|265|5104||1||Sep  7 2015  3:22PM
101|266|5033||1||Sep  8 2015  7:54AM
101|268|5033||1||Sep  8 2015  8:04AM
101|269|5033||1||Sep  8 2015  8:08AM
101|270|5033||1||Sep  8 2015  8:14AM
101|271|254205||1||Sep  8 2015  9:00AM
101|272|254042||1||Sep  8 2015  3:58PM
101|274|254172||1||Sep  8 2015  2:51PM
101|275|253574||1||Sep  9 2015  5:35AM
101|276|248908|N|3||Sep  9 2015 11:23AM
101|279|5088||1||Sep  9 2015  4:22PM
101|280|5088||1||Sep  9 2015  4:27PM
101|281|248910|N|3||Sep 21 2015  1:23PM
101|284|5044||1||Sep 14 2015  9:40AM
101|285|5044||1||Sep 14 2015  1:40PM
101|286|248903|Y|3||Sep 14 2015  1:34PM
101|287|254115||1||Sep 14 2015  8:01PM
101|288|254115||1||Sep 14 2015  8:30PM
101|289|248908|N|3||Sep 15 2015 12:46PM
101|294|253997||1||Sep 18 2015  9:38AM
101|295|13690||1||Sep 19 2015  8:20AM
101|296|13690||1||Sep 19 2015  8:28AM
101|297|249147||1||Sep 21 2015  9:40AM
101|298|5109||1||Sep 28 2015 10:07AM
101|304|249024||1||Sep 21 2015 11:55AM
101|316|253574||1||Sep 22 2015 10:17AM
101|318|253814||1||Sep 23 2015  6:43AM
101|319|5105||1||Sep 23 2015 10:42AM
101|320|249147||1||Sep 23 2015  8:56PM
101|321|15421||1||Sep 24 2015  8:01AM
101|322|15421||1||Sep 24 2015  9:41AM
101|323|253872||1||Sep 24 2015  2:48PM
101|325|254172||1||Sep 24 2015  3:33PM
101|337|5105||1||Sep 25 2015 11:54AM
101|338|5105||1||Sep 25 2015  1:39PM
101|339|253492||1||Sep 25 2015  2:36PM
101|341|254115||1||Sep 28 2015  8:37AM
101|342|254115||1||Sep 28 2015  9:00AM
101|343|249171||1||Sep 28 2015 11:07AM
101|344|5016||1||Sep 28 2015  1:49PM
101|345|253359||1||Sep 28 2015  2:52PM
101|346|5016||1||Sep 28 2015  3:00PM
101|347|5083||1||Sep 29 2015  2:49PM
101|349|5083||1||Sep 29 2015  3:30PM
101|354|5083||1||Sep 29 2015  3:38PM
101|355|5083||1||Sep 29 2015  3:47PM
101|356|5083||1||Sep 29 2015  3:56PM
101|357|16991||1||Sep 30 2015  7:47AM
101|361|16991||1||Sep 30 2015  8:32AM
101|364|15421||1||Sep 30 2015  8:39AM
101|365|254042||1||Sep 30 2015  9:00AM
101|366|254042||1||Sep 30 2015  9:32AM
101|367|250266||1||Oct  1 2015  6:01AM
101|368|250266||1||Oct  1 2015  6:09AM
101|370|250750|N|3||Oct  1 2015  8:31AM
101|371|250750|N|3||Oct  1 2015  8:41AM
101|372|250750|N|3||Oct  1 2015  9:53AM
101|373|249303||1||Oct  1 2015  6:19PM
101|374|249171||1||Oct  2 2015  3:54PM
101|375|13690||1||Oct  4 2015 11:46AM
101|376|253574||1||Oct  5 2015  6:31AM
101|377|249147||1||Oct  6 2015 12:29PM
101|378|253492||1||Oct  6 2015 12:39PM
101|379|15421||1||Oct  6 2015  3:16PM
101|380|250266||1||Oct  7 2015  7:23AM
101|381|254172||1||Oct  7 2015  7:48AM
101|382|5071||1||Oct  7 2015  8:32AM
101|383|5109||1||Oct  7 2015 10:09AM
101|384|5071||1||Oct  7 2015 10:32AM
101|385|5071||1||Oct  7 2015 10:40AM
101|386|5071||1||Oct  7 2015 10:49AM
101|387|5071||1||Oct  7 2015 10:56AM
101|388|5071||1||Oct  7 2015 11:01AM
101|389|5071||1||Oct  7 2015 11:05AM
101|390|5071||1||Oct  7 2015 11:19AM
101|393|5071||1||Oct  7 2015 11:23AM
101|394|5071||1||Oct  7 2015 11:27AM
101|395|5016||1||Oct  7 2015  1:08PM
101|396|5022||1||Oct  7 2015  2:21PM
101|398|5022||1||Oct  7 2015  2:41PM
101|400|13690||1||Oct  8 2015  8:32AM
101|401|13690||1||Oct  8 2015  9:16AM
101|402|253492||1||Oct  8 2015  9:32AM
101|403|13690||1||Oct  8 2015  9:36AM
101|404|5086||1||Oct  8 2015  1:19PM
101|406|5104||1||Oct  9 2015 10:45AM
101|407|5104||1||Oct  9 2015 11:40AM
101|408|253872||1||Oct  9 2015 12:20PM
101|409|249171||1||Oct 11 2015  4:20PM
101|410|253493||1||Oct 12 2015 10:20AM
101|412|249024||1||Oct 12 2015 10:46AM
101|420|249304|N|3||Oct 15 2015  8:18AM
101|424|5071||1||Oct 16 2015  8:22AM
101|425|5083||1||Oct 16 2015 11:04AM
101|426|5083||1||Oct 16 2015 11:19AM
101|427|254115||1||Oct 16 2015 12:34PM
101|428|253676||1||Oct 17 2015 11:06AM
101|433|249171||1||Oct 17 2015  8:39PM
101|434|249171||1||Oct 17 2015  8:51PM
101|435|249171||1||Oct 17 2015  9:00PM
101|436|5084||1||Oct 19 2015 11:00AM
101|437|5084||1||Oct 19 2015 11:19AM
101|438|5084||1||Oct 19 2015 11:40AM
101|439|5084||1||Oct 19 2015 11:57AM
101|440|5084||1||Oct 19 2015 12:15PM
101|441|5088||1||Oct 19 2015 12:46PM
101|446|5088||1||Oct 19 2015  1:27PM
101|447|5088||1||Oct 19 2015  1:36PM
101|453|5084||1||Oct 19 2015  1:56PM
101|454|5088||1||Oct 19 2015  2:00PM
101|461|5087||1||Oct 20 2015 12:01PM
101|462|5110||1||Oct 20 2015  1:27PM
101|463|5110||1||Oct 20 2015  1:49PM
101|464|5110||1||Oct 20 2015  2:12PM
101|465|248894|N|3||Oct 21 2015  9:20AM
101|466|5033||1||Oct 22 2015  8:37AM
101|467|5033||1||Oct 22 2015  8:56AM
101|468|5033||1||Oct 22 2015  9:08AM
101|473|5084||1||Oct 22 2015 12:47PM
101|485|254204||1||Oct 22 2015  1:11PM
101|486|254204||1||Oct 22 2015  1:40PM
101|493|5087||1||Oct 23 2015  8:42AM
101|494|249147||1||Oct 25 2015 11:28PM
101|495|249303||1||Oct 26 2015  7:59AM
101|496|249303||1||Oct 26 2015  9:02AM
101|503|254172||1||Oct 26 2015 10:08AM
101|508|5110||1||Oct 26 2015  2:32PM
101|509|253492||1||Oct 26 2015  2:44PM
101|514|5044||1||Oct 27 2015  1:37PM
101|515|5044||1||Oct 27 2015  1:44PM
101|516|5044||1||Oct 27 2015  2:03PM
101|517|5071||1||Oct 28 2015  9:04AM
101|518|15421||1||Oct 28 2015  1:59PM
101|519|254205||1||Oct 29 2015  7:46AM
101|521|5083||1||Oct 29 2015  1:41PM
101|522|254172||1||Oct 29 2015  1:51PM
101|523|5088||1||Oct 30 2015  2:49PM
101|524|5083||1||Oct 30 2015  3:01PM
101|525|253995||1||Nov  2 2015  9:54AM
101|526|5016||1||Nov  2 2015 12:25PM
101|527|249024||1||Nov  2 2015  1:02PM
101|528|5016||1||Nov  2 2015  1:04PM
101|529|249024||1||Nov  2 2015  1:25PM
101|530|250266||1||Nov  2 2015  2:16PM
101|531|5083||1||Nov  2 2015  5:12PM
101|532|5087||1||Nov  3 2015 10:31AM
101|533|249147||1||Nov  4 2015  3:38PM
101|534|253872||1||Nov  4 2015  4:08PM
101|543|254042||1||Nov  5 2015  7:52AM
101|544|249171||1||Nov  5 2015  7:59AM
101|545|254042||1||Nov  5 2015  8:15AM
101|546|254115||1||Nov  6 2015 12:18PM
101|547|254115||1||Nov  6 2015 12:28PM
101|548|254043||1||Nov  6 2015 12:30PM
101|549|254115||1||Nov  6 2015 12:35PM
101|550|249171||1||Nov  9 2015 10:30AM
101|551|249171||1||Nov  9 2015 10:46AM
101|558|249171||1||Nov  9 2015 10:56AM
101|562|251198||1||Nov  9 2015 12:24PM
101|563|5071||1||Nov 10 2015  6:36AM
101|573|5109||1||Nov 16 2015 10:32AM
101|574|254115||1||Nov 16 2015 12:16PM
101|575|249663|N|3||Nov 16 2015 12:34PM
101|576|5105||1||Nov 16 2015  1:18PM
101|577|253493||1||Nov 24 2015  9:32AM
101|578|5083||1||Nov 17 2015 11:55AM
101|579|5083||1||Nov 17 2015  1:07PM
101|580|249303||1||Nov 17 2015  4:03PM
101|581|253574||1||Nov 18 2015  8:01AM
101|582|16991||1||Nov 18 2015  1:30PM
101|587|5087||1||Nov 20 2015 10:18AM
101|588|5087||1||Nov 20 2015 10:38AM
101|589|253997||1||Nov 20 2015  1:50PM
101|590|5044||1||Nov 23 2015 10:33AM
101|592|5022||1||Nov 23 2015 11:20AM
101|594|253574||1||Nov 23 2015  1:48PM
101|595|15559||1||Dec  2 2015  1:15PM
101|596|5090||1||Nov 23 2015  3:05PM
101|597|253492||1||Nov 23 2015  3:47PM
101|598|5105||1||Nov 23 2015  4:45PM
101|600|253997||1||Nov 24 2015  1:33PM
101|601|245106||1||Nov 24 2015  2:28PM
101|604|254204||1||Nov 24 2015  3:16PM
101|608|5071||1||Nov 25 2015  7:33AM
101|609|5071||1||Nov 25 2015  7:39AM
101|610|5071||1||Nov 25 2015  7:44AM
101|612|249303||1||Nov 25 2015  1:57PM
101|613|5104||1||Nov 26 2015 10:23AM
101|615|5044||1||Nov 26 2015 12:35PM
101|622|254205||1||Nov 27 2015  8:36AM
101|624|254205||1||Nov 27 2015  8:17AM
101|625|5087||1||Nov 27 2015  3:21PM
101|626|254115||1||Nov 30 2015  9:25AM
101|627|254115||1||Nov 30 2015 10:04AM
101|628|5088||1||Dec  1 2015  6:19AM
101|629|5088||1||Dec  1 2015  6:30AM
101|631|5088||1||Dec  1 2015  7:19AM
101|632|15421||1||Dec  1 2015 12:39PM
101|633|253676||1||Dec  2 2015  8:44AM
101|634|5071||1||Dec  3 2015  6:58AM
101|635|5071||1||Dec  4 2015  8:34AM
101|636|253997||1||Dec  4 2015 11:11AM
101|638|254258||1||Dec  4 2015 12:55PM
101|639|253997||1||Dec  4 2015  1:26PM
101|640|5087||1||Dec  4 2015  3:37PM
101|641|250652||1||Dec  4 2015  4:11PM
101|642|250652||1||Dec  4 2015  4:32PM
101|643|253871||1||Dec  8 2015  8:38AM
101|644|5105||1||Dec  8 2015 10:07AM
101|645|5083||1||Dec  8 2015 11:34AM
101|646|253492||1||Dec  8 2015 12:40PM
101|651|13690||1||Dec  8 2015  3:05PM
101|657|249171||1||Dec  8 2015  9:37PM
101|658|249171||1||Dec  8 2015 10:01PM
101|659|249171||1||Dec  8 2015 10:07PM
101|661|249171||1||Dec  8 2015 10:16PM
101|662|254115||1||Dec  9 2015 10:03AM
101|663|254115||1||Dec  9 2015 11:30AM
101|667|5016||1||Dec  9 2015 12:39PM
101|668|249303||1||Dec  9 2015  3:31PM
101|670|249303||1||Dec  9 2015  3:39PM
101|671|13690||1||Dec 10 2015  8:59AM
101|673|254669||1||Dec 10 2015  2:14PM
101|674|249171||1||Dec 10 2015  3:10PM
101|675|249171||1||Dec 10 2015  3:29PM
101|676|249024||1||Dec 11 2015 11:58AM
101|677|254205||1||Dec 11 2015  1:20PM
101|678|249147||1||Dec 12 2015  3:11PM
101|680|254042||1||Dec 12 2015  7:51PM
101|681|254042||1||Dec 12 2015  8:17PM
101|682|252836||1||Dec 14 2015  4:26PM
101|684|252836||1||Dec 14 2015  5:02PM
101|686|252836||1||Dec 14 2015  5:37PM
101|693|252836||1||Dec 15 2015  1:54AM
101|694|253997||1||Dec 15 2015 11:25AM
101|695|252836||1||Dec 15 2015  2:59PM
101|696|252836||1||Dec 15 2015  3:06PM
101|697|252836||1||Dec 15 2015  3:14PM
101|698|252836||1||Dec 15 2015  3:20PM
101|699|252836||1||Dec 15 2015  3:30PM
101|700|252836||1||Dec 15 2015  3:35PM
101|701|254113||1||Dec 15 2015  4:50PM
101|703|5088||1||Dec 16 2015 10:18AM
101|704|253961||1||Dec 17 2015  1:10PM
101|705|254115||1||Dec 18 2015  8:28AM
101|706|249147||1||Dec 18 2015  2:51PM
101|707|253676||1||Dec 21 2015  9:13PM
101|709|13690||1||Dec 22 2015  8:21AM
101|711|253872||1||Dec 22 2015  8:34AM
101|712|5090||1||Jan  4 2016  1:44PM
101|715|5044||1||Jan  5 2016  2:25PM
101|716|250266||1||Jan  5 2016  4:26PM
101|717|5083||1||Jan  8 2016 12:55PM
101|718|5083||1||Jan  8 2016  1:18PM
101|719|254669||1||Jan  8 2016  2:36PM
101|720|249171||1||Jan 12 2016  8:03AM
101|721|249171||1||Jan 12 2016  8:20AM
101|722|249171||1||Jan 13 2016  1:08PM
101|723|249171||1||Jan 13 2016  1:32PM
101|724|5088||1||Jan 15 2016  9:56AM
101|732|253872||1||Jan 15 2016 12:31PM
101|733|253872||1||Jan 15 2016 12:51PM
101|734|253359||1||Jan 19 2016  8:14AM
101|735|253997||1||Jan 19 2016 11:00AM
101|736|252836||1||Jan 19 2016  4:01PM
101|737|5105||1||Jan 20 2016  9:42AM
101|739|5105||1||Jan 20 2016 10:17AM
101|740|5084||1||Jan 21 2016  1:37PM
101|741|5084||1||Jan 21 2016  1:49PM
101|742|254115||1||Jan 22 2016  5:59PM
101|743|5016||1||Jan 25 2016  2:47PM
101|745|5016||1||Jan 25 2016  3:21PM
101|746|253574||1||Jan 26 2016  8:13AM
101|747|5105||1||Jan 26 2016  4:12PM
101|748|253492||1||Jan 28 2016 10:28AM
101|749|249303||1||Jan 28 2016 11:25AM
101|750|5083||1||Jan 28 2016 11:35AM
101|751|249303||1||Jan 28 2016 11:51AM
101|752|5071||1||Jan 28 2016 12:25PM
101|755|5071||1||Jan 28 2016 12:53PM
101|756|5071||1||Jan 28 2016  1:00PM
101|757|252962||1||Jan 29 2016  9:28AM
101|759|254042||1||Feb  2 2016  7:58AM
101|760|253676||1||Feb  3 2016  2:59PM
101|764|253997||1||Feb  5 2016  1:37PM
101|765|5022||1||Feb  5 2016 11:32PM
101|766|254115||1||Feb  8 2016  7:41PM
101|767|250266||1||Feb 10 2016  8:00AM
101|768|254205||1||Feb 10 2016 10:05AM
101|770|254205||1||Feb 19 2016  2:57PM
101|773|253574||1||Feb 10 2016 11:00AM
101|774|254000||1||Feb 10 2016  2:46PM
101|783|5016||1||Feb 11 2016  7:59AM
101|784|253814||1||Feb 11 2016 11:59AM
101|785|5086||1||Feb 11 2016  2:07PM
101|786|254204||1||Feb 11 2016  4:26PM
101|788|249024||1||Feb 12 2016  9:39AM
101|789|249024||1||Feb 12 2016 10:23AM
101|790|5087||1||Feb 12 2016  3:13PM
101|791|15421||1||Feb 15 2016  9:52AM
101|792|5083||1||Feb 15 2016  1:12PM
101|793|5104||1||Feb 15 2016  3:01PM
101|794|249171||1||Feb 16 2016 11:42AM
101|796|249171||1||Feb 16 2016 11:55AM
101|797|249171||1||Feb 16 2016 12:12PM
101|798|249171||1||Feb 16 2016 12:20PM
101|799|253492||1||Feb 16 2016 12:48PM
101|800|5044||1||Feb 16 2016  1:51PM
101|801|16991||1||Feb 17 2016 10:49AM
101|802|254205||1||Feb 19 2016  3:00PM
101|803|5088||1||Feb 22 2016 12:46PM
101|804|5088||1||Feb 22 2016  1:29PM
101|805|5088||1||Feb 22 2016  2:04PM
101|806|252962||1||Feb 22 2016  2:56PM
101|807|254115||1||Feb 23 2016  6:00PM
101|808|254115||1||Feb 23 2016  6:38PM
101|809|254115||1||Feb 23 2016  6:53PM
101|810|15559||1||Feb 25 2016  1:03PM
101|811|5105||1||Feb 25 2016 10:53AM
101|812|13690||1||Feb 26 2016  1:28PM
101|814|5088||1||Feb 26 2016  4:38PM
101|815|5109||1||Feb 29 2016  8:53AM
101|816|249024||1||Feb 29 2016 12:17PM
101|817|253814||1||Mar  1 2016  7:31AM
101|818|253997||1||Mar  2 2016 10:49AM
101|819|254205||1||Mar  2 2016  2:38PM
101|821|13690||1||Mar  5 2016  9:18AM
101|822|254115||1||Mar  7 2016  9:47AM
101|824|249147||1||Mar  8 2016  6:00PM
101|825|249147||1||Mar  8 2016  6:08PM
101|826|15421||1||Mar 10 2016 11:35AM
101|827|15421||1||Mar 10 2016 11:47AM
101|831|13690||1||Mar 11 2016  7:50AM
101|836|249024||1||Mar 14 2016  9:53AM
101|840|13690||1||Mar 16 2016  8:44AM
101|842|249303||1||Mar 16 2016  9:59AM
101|843|249303||1||Mar 16 2016 10:35AM
101|844|254042||1||Mar 16 2016  2:15PM
101|845|254042||1||Mar 16 2016  2:18PM
101|846|254042||1||Mar 16 2016  2:22PM
101|847|250266||1||Mar 17 2016  9:41AM
101|848|5016||1||Mar 17 2016 10:23AM
101|849|5016||1||Mar 17 2016 10:36AM
101|850|5016||1||Mar 17 2016 10:51AM
101|853|254534||1||Mar 17 2016 12:55PM
101|854|5110||1||Mar 18 2016  1:22PM
101|855|5083||1||Mar 18 2016  1:41PM
101|856|5083||1||Mar 18 2016  2:13PM
101|857|5083||1||Mar 18 2016  2:38PM
101|858|5083||1||Mar 18 2016  2:50PM
101|859|5083||1||Mar 18 2016  3:11PM
101|860|5109||1||Mar 18 2016  3:16PM
101|861|5105||1||Mar 20 2016  3:48PM
101|862|253872||1||Mar 24 2016  3:03PM
101|863|249171||1||Mar 21 2016  8:51PM
101|864|249171||1||Mar 21 2016  8:57PM
101|865|249171||1||Mar 21 2016  9:05PM
101|866|252962||1||Mar 22 2016 10:35AM
101|867|249303||1||Mar 23 2016 12:16PM
101|868|15421||1||Mar 24 2016  8:39AM
101|869|5044||1||Mar 24 2016 10:01AM
101|870|249024||1||Mar 24 2016  2:03PM
101|872|249171||1||Mar 25 2016 12:34PM
101|873|249171||1||Mar 25 2016 12:48PM
101|874|254205||1||Mar 29 2016 11:52AM
101|875|253493||1||Mar 29 2016 12:19PM
101|877|254669||1||Mar 30 2016  1:03PM
101|879|254204||1||Mar 30 2016  2:32PM
101|880|13690||1||Mar 31 2016  6:31AM
101|882|249147||1||Mar 31 2016 11:17AM
101|883|249147||1||Mar 31 2016 11:28AM
101|884|5022||1||Mar 31 2016  4:06PM
101|885|253492||1||Apr  1 2016 12:43PM
101|890|253872||1||Apr  5 2016  7:15AM
101|891|5105||1||Apr  5 2016 12:34PM
101|892|249147||1||Apr  8 2016  7:47AM
101|893|253872||1||Apr  8 2016 12:41PM
101|895|5087||1||Apr 11 2016  9:28AM
101|896|245106||1||Apr 12 2016  7:30AM
101|899|251252||1||Apr 17 2016 11:17AM
101|901|253872||1||Apr 18 2016  6:32AM
101|903|5044||1||Apr 18 2016  7:31AM
101|905|254042||1||Apr 18 2016 12:13PM
101|906|5105||1||Apr 18 2016 12:39PM
101|908|5088||1||Apr 20 2016  1:37PM
101|909|5088||1||Apr 20 2016  1:51PM
101|911|5088||1||Apr 20 2016  2:09PM
101|912|5088||1||Apr 20 2016  2:34PM
101|913|5088||1||Apr 20 2016  2:38PM
101|914|253997||1||Apr 20 2016  2:43PM
101|915|249303||1||Apr 21 2016  7:37AM
101|916|249024||1||Apr 22 2016 11:44AM
101|917|13690||1||Apr 24 2016  9:27AM
101|918|253492||1||Apr 25 2016  9:26AM
101|919|254115||1||Apr 25 2016  9:38AM
101|920|253492||1||Apr 25 2016  9:37AM
101|921|254115||1||Apr 25 2016 12:08PM
101|922|5083||1||Apr 25 2016 12:35PM
101|923|5083||1||Apr 25 2016 12:51PM
101|924|5016||1||Apr 25 2016  1:01PM
101|931|5083||1||Apr 25 2016  1:15PM
101|932|5090||1||Apr 25 2016  1:57PM
101|933|254042||1||Apr 26 2016  7:19AM
101|936|254679||1||Apr 26 2016  9:47AM
101|937|15421||1||Apr 28 2016  8:23AM
101|939|249171||1||May  1 2016  9:12PM
101|946|249171||1||May  2 2016  7:01AM
101|947|249171||1||May  2 2016  7:31AM
101|948|13690||1||May  2 2016  8:08AM
101|951|5022||1||May  2 2016  9:39AM
101|952|5084||1||May  4 2016  1:07PM
101|953|5084||1||May  4 2016  1:35PM
101|954|5109||1||May  6 2016  7:43AM
101|955|5071||1||May  6 2016  8:54AM
101|957|5044||1||May  9 2016 12:07PM
101|959|5044||1||May  9 2016  1:00PM
101|967|5109||1||May 10 2016  5:36PM
101|968|254043||1||May 11 2016  7:28AM
101|969|15559||1||May 11 2016  9:35AM
101|971|5109||1||May 11 2016  5:03PM
101|973|249303||1||May 13 2016  7:42AM
101|978|254204||1||May 13 2016  1:25PM
101|979|254205||1||May 17 2016  9:16AM
101|988|5016||1||May 17 2016 11:59AM
101|989|249147||1||May 17 2016 12:18PM
101|991|5016||1||May 17 2016 12:55PM
101|992|5044||1||May 18 2016  7:21AM
101|993|253492||1||May 18 2016  9:49AM
101|995|5022||1||May 20 2016 10:06AM
101|996|254042||1||May 19 2016  7:45AM
101|997|15421||1||May 19 2016  1:05PM
101|998|254669||1||May 19 2016  1:41PM
101|999|13690||1||May 20 2016  8:14AM
101|1000|253997||1||May 20 2016  8:48AM
101|1001|13690||1||May 20 2016  9:12AM
101|1005|249171||1||May 20 2016  2:50PM
101|1006|248908|N|3||Jun  3 2016  4:30AM
101|1009|254172||1||May 23 2016  7:32AM
101|1011|5088||1||May 23 2016  8:16AM
101|1012|250750|N|3||May 23 2016  8:24AM
101|1013|5088||1||May 23 2016  8:28AM
101|1014|5088||1||May 23 2016  8:36AM
101|1015|253930||1||May 24 2016  8:47AM
101|1016|254000||1||May 24 2016 11:59AM
101|1021|5071||1||May 24 2016  1:48PM
101|1022|254204||1||May 25 2016 11:27AM
101|1023|253492||1||May 25 2016 12:44PM
101|1027|254040||1||May 25 2016  1:13PM
101|1028|253676||1||May 25 2016  9:25PM
101|1031|249663|N|3||May 27 2016 11:20AM
101|1032|254115||1||May 27 2016 12:06PM
101|1033|249024||1||May 27 2016  1:35PM
101|1034|249147||1||May 27 2016  2:10PM
101|1035|249024||1||May 27 2016  2:11PM
101|1036|249024||1||May 27 2016  3:43PM
101|1039|253814||1||May 30 2016  9:17AM
101|1040|254284||1||May 30 2016  9:22AM
101|1045|253872||1||May 30 2016 12:31PM
101|1046|253872||1||May 30 2016 12:42PM
101|1047|5109||1||May 30 2016  4:51PM
101|1048|250266||1||May 31 2016  7:17AM
101|1049|15421||1||May 31 2016  9:13AM
101|1050|5087||1||May 31 2016  1:14PM
101|1052|5087||1||May 31 2016  1:25PM
101|1053|250266||1||Jun  1 2016  6:20AM
101|1054|13690||1||Jun  1 2016  6:58AM
101|1055|254042||1||Jun  1 2016  9:01AM
101|1056|249171||1||Jun  2 2016  6:21AM
101|1057|249171||1||Jun  2 2016  6:27AM
101|1059|254205||1||Jun  2 2016  7:33AM
101|1060|248908|Y|3||Jun  3 2016  4:29AM
101|1062|5105||1||Jun  3 2016  1:25PM
101|1063|5105||1||Jun  3 2016  1:38PM
101|1064|5044||1||Jun  6 2016 10:30AM
101|1065|5105||1||Jun  6 2016  1:04PM
101|1066|5105||1||Jun  6 2016  2:59PM
101|1067|249171||1||Jun 10 2016  8:25AM
101|1069|249171||1||Jun 10 2016  8:34AM
101|1070|253872||1||Jun 10 2016  8:47AM
101|1071|254669||1||Jun 12 2016  7:20PM
101|1072|15421||1||Jun 13 2016  8:25AM
101|1073|253493||1||Jun 13 2016  8:45AM
101|1076|254042||1||Jun 13 2016  8:48AM
101|1077|253493||1||Jun 13 2016  9:17AM
101|1078|254042||1||Jun 13 2016  9:42AM
101|1079|5083||1||Jun 13 2016 10:52AM
101|1080|5083||1||Jun 13 2016 11:28AM
101|1081|5083||1||Jun 13 2016 12:22PM
101|1082|254679||1||Jun 14 2016 12:28PM
101|1083|5087||1||Jun 15 2016 10:06AM
101|1084|254115||1||Jun 15 2016 11:36AM
101|1085|245106||1||Jun 15 2016  1:01PM
101|1086|5088||1||Jun 16 2016  7:34AM
101|1087|5088||1||Jun 16 2016  7:58AM
101|1088|5088||1||Jun 16 2016  9:18AM
101|1089|5090||1||Jun 16 2016 11:57AM
101|1090|249171||1||Jun 16 2016 12:56PM
101|1091|253872||1||Jun 17 2016  7:53AM
101|1092|251252||1||Jun 19 2016  8:45AM
101|1093|5109||1||Jun 27 2016  7:23AM
101|1094|5109||1||Jun 20 2016 10:16AM
101|1095|5109||1||Jun 20 2016 10:36AM
101|1096|5022||1||Jun 20 2016 12:28PM
101|1097|5022||1||Jun 20 2016 12:51PM
101|1098|5071||1||Jun 22 2016  9:07AM
101|1099|5071||1||Jun 22 2016  9:11AM
101|1100|5071||1||Jun 22 2016  9:28AM
101|1101|5071||1||Jun 22 2016  9:42AM
101|1102|16991||1||Jun 22 2016 11:56AM
101|1103|254205||1||Jun 23 2016  6:57AM
101|1104|254534||1||Jun 23 2016  8:07AM
101|1105|249024||1||Jun 24 2016  9:58AM
101|1106|253872||1||Jun 24 2016 10:26AM
101|1107|5109||1||Jun 27 2016  7:25AM
101|1108|254204||1||Jun 27 2016  8:01AM
101|1110|249171||1||Jun 27 2016  9:48AM
101|1112|5044||1||Jun 27 2016  1:05PM
101|1114|5044||1||Jun 27 2016  1:10PM
101|1115|253997||1||Jun 27 2016  1:39PM
101|1117|254204||1||Jun 29 2016 12:16PM
101|1119|5087||1||Jun 30 2016 11:48AM
101|1120|5088||1||Jun 30 2016 12:16PM
101|1122|5088||1||Jun 30 2016 12:32PM
101|1124|249303||1||Jul  1 2016  8:34AM
101|1125|249147||1||Jul  3 2016 10:27AM
101|1126|249147||1||Jul  3 2016 10:36AM
101|1127|251198||1||Jul  4 2016 11:10AM
101|1128|5022||1||Jul  4 2016  2:01PM
101|1129|5083||1||Jul  4 2016  2:24PM
101|1130|249024||1||Jul  5 2016  9:11AM
101|1131|249024||1||Jul  5 2016  9:44AM
101|1132|249024||1||Jul  5 2016 12:14PM
101|1133|254669||1||Jul  5 2016  9:03PM
101|1134|254669||1||Jul  5 2016  9:26PM
101|1135|254669||1||Jul  5 2016  9:33PM
101|1136|249303||1||Jul  6 2016  8:21AM
101|1137|253872||1||Jul  7 2016  2:13PM
101|1138|5022||1||Jul  8 2016 12:50PM
101|1139|254115||1||Jul  8 2016  1:57PM
101|1141|253676||1||Jul 11 2016  9:14AM
101|1142|15559||1||Jul 11 2016  9:54AM
101|1143|253997||1||Jul 12 2016  8:00AM
101|1146|254172||1||Jul 12 2016 12:32PM
101|1147|5016||1||Jul 12 2016  2:09PM
101|1148|5016||1||Jul 12 2016  2:52PM
101|1149|5016||1||Jul 12 2016  2:59PM
101|1150|5016||1||Jul 12 2016  3:21PM
101|1151|5016||1||Jul 12 2016  3:49PM
101|1152|5016||1||Jul 12 2016  3:57PM
101|1153|249171||1||Jul 13 2016  7:40AM
101|1154|5083||1||Jul 13 2016  2:49PM
101|1155|5090||1||Jul 14 2016 12:28PM
101|1156|250652||1||Jul 14 2016  1:59PM
101|1157|13690||1||Jul 15 2016  8:25AM
101|1158|249147||1||Jul 17 2016 12:08PM
101|1159|249171||1||Jul 18 2016  1:18PM
101|1160|13690||1||Jul 18 2016  1:29PM
101|1161|15421||1||Jul 19 2016  7:32AM
101|1162|254115||1||Jul 20 2016  8:18AM
101|1163|254115||1||Jul 20 2016  9:36AM
101|1165|5016||1||Jul 20 2016 11:04AM
101|1166|5084||1||Jul 21 2016  8:15AM
101|1167|5084||1||Jul 21 2016  8:34AM
101|1168|5084||1||Jul 21 2016  8:43AM
101|1170|253492||1||Jul 22 2016  8:57AM
101|1171|5083||1||Jul 22 2016 10:40AM
101|1172|5105||1||Jul 25 2016  9:26AM
101|1175|5044||1||Jul 26 2016  8:12AM
101|1176|249303||1||Jul 27 2016  8:41AM
101|1177|5105||1||Jul 27 2016  2:13PM
101|1181|254204||1||Jul 27 2016  2:24PM
101|1188|5105||1||Jul 28 2016 10:09AM
101|1189|254204||1||Jul 29 2016  8:43PM
101|1190|5109||1||Aug  3 2016  8:06AM
101|1191|5088||1||Aug  3 2016  1:58PM
101|1192|254042||1||Aug 11 2016  9:11AM
101|1193|253872||1||Aug 11 2016  2:34PM
101|1194|5088||1||Aug 15 2016  9:44AM
101|1195|250750|N|3||Aug 16 2016 12:07PM
101|1196|253676||1||Aug 17 2016  9:53AM
101|1199|249171||1||Aug 22 2016  1:20PM
101|1200|249171||1||Aug 22 2016  1:27PM
101|1201|249171||1||Aug 22 2016  1:39PM
101|1202|254115||1||Aug 23 2016  1:07PM
101|1203|5083||1||Aug 23 2016  1:53PM
101|1205|5083||1||Aug 23 2016  2:38PM
101|1206|13690||1||Aug 25 2016  5:59AM
101|1207|250266||1||Aug 25 2016  7:38AM
101|1208|13690||1||Aug 27 2016  7:12AM
101|1209|249147||1||Aug 29 2016  7:29AM
101|1212|249024||1||Aug 30 2016  1:03PM
101|1213|5083||1||Aug 31 2016  2:56PM
101|1214|251252||1||Sep  1 2016  9:48AM
101|1215|253872||1||Sep  5 2016  6:45AM
101|1216|5109||1||Sep  6 2016  8:17AM
101|1217|5088||1||Sep  6 2016  2:30PM
101|1218|253676||1||Sep  7 2016 10:15AM
101|1219|254115||1||Sep  8 2016 10:47AM
101|1220|254679||1||Sep 12 2016  7:01AM
101|1221|5071||1||Sep 12 2016  8:38AM
101|1222|5071||1||Sep 12 2016  8:52AM
101|1223|5071||1||Sep 12 2016  9:05AM
101|1225|5071||1||Sep 12 2016  9:15AM
101|1226|5071||1||Sep 12 2016  9:28AM
101|1230|5015||1||Sep 12 2016  2:21PM
101|1233|248908|N|3||Sep 13 2016 11:31AM
101|1235|252836||1||Sep 15 2016  2:29PM
101|1236|252836||1||Sep 15 2016  3:04PM
101|1238|252836||1||Sep 15 2016  3:14PM
101|1239|252836||1||Sep 15 2016  3:46PM
101|1240|252836||1||Sep 15 2016  3:55PM
101|1241|252836||1||Sep 15 2016  5:22PM
101|1242|252836||1||Sep 15 2016  5:49PM
101|1246|252836||1||Sep 15 2016  5:57PM
101|1247|253872||1||Sep 16 2016 12:01PM
101|1248|249171||1||Sep 19 2016  9:59AM
101|1249|5088||1||Sep 19 2016 12:06PM
101|1253|254205||1||Sep 19 2016  1:07PM
101|1254|253493||1||Sep 19 2016  1:25PM
101|1255|253997||1||Sep 20 2016  1:32PM
101|1256|5109||1||Sep 21 2016 12:04PM
101|1257|5071||1||Sep 22 2016  3:24PM
101|1258|254669||1||Sep 23 2016 11:33AM
101|1259|254042||1||Sep 26 2016  8:29AM
101|1260|15421||1||Sep 27 2016  3:14PM
101|1261|5071||1||Sep 28 2016 12:50PM
101|1262|5087||1||Sep 29 2016  7:49AM
101|1263|5088||1||Sep 29 2016  9:59AM
101|1264|5088||1||Sep 29 2016 10:10AM
101|1266|5088||1||Sep 29 2016  2:19PM
101|1267|249024||1||Sep 29 2016  3:53PM
101|1268|5071||1||Sep 30 2016  7:04AM
101|1270|254669||1||Oct  3 2016  8:18PM
101|1271|254669||1||Oct  3 2016  8:23PM
101|1272|249303||1||Oct  4 2016 10:37AM
101|1273|253493||1||Oct  4 2016 12:24PM
101|1275|254212||1||Oct  5 2016  8:24AM
101|1277|250652||1||Oct  5 2016  6:09PM
101|1279|249171||1||Oct  5 2016  8:30PM
101|1280|248910|N|3||Oct  6 2016  7:21AM
101|1281|250266||1||Oct  6 2016  8:56AM
101|1282|16991||1||Oct  7 2016  7:55AM
101|1284|5083||1||Oct  7 2016  1:40PM
101|1285|5016||1||Oct  7 2016  1:47PM
101|1286|5083||1||Oct  7 2016  2:04PM
101|1287|5016||1||Oct  7 2016  3:11PM
101|1288|5016||1||Oct  7 2016  3:18PM
101|1289|254115||1||Oct 10 2016  8:04AM
101|1290|254115||1||Oct 10 2016  8:29AM
101|1292|254669||1||Oct 11 2016  8:16PM
101|1293|254204||1||Oct 13 2016  3:40PM
101|1294|13690||1||Oct 17 2016  7:57AM
101|1295|13690||1||Oct 17 2016  8:29AM
101|1297|5104||1||Oct 17 2016 11:20AM
101|1303|253961||1||Oct 17 2016 11:25AM
101|1305|254042||1||Oct 17 2016 12:26PM
101|1306|254042||1||Oct 17 2016 12:30PM
101|1307|253872||1||Oct 17 2016  1:53PM
101|1308|249303||1||Oct 17 2016  4:45PM
101|1310|5044||1||Oct 18 2016  7:27AM
101|1312|5044||1||Oct 18 2016  8:16AM
101|1313|5044||1||Oct 18 2016  8:26AM
101|1317|5044||1||Oct 18 2016  9:18AM
101|1318|249303||1||Oct 19 2016  5:45PM
101|1319|254204||1||Oct 20 2016 12:08PM
101|1320|251252||1||Oct 23 2016  9:15AM
101|1323|5071||1||Oct 24 2016 10:52AM
101|1324|5071||1||Oct 24 2016 11:20AM
101|1325|254681||1||Oct 25 2016  4:02PM
101|1327|249171||1||Oct 25 2016  8:21PM
101|1328|249171||1||Oct 25 2016  8:44PM
101|1331|245106||1||Oct 26 2016  9:56AM
101|1332|5090||1||Oct 26 2016 12:33PM
101|1333|5022||1||Oct 26 2016 12:51PM
101|1337|5022||1||Oct 27 2016 12:54PM
101|1338|254204||1||Oct 27 2016  3:57PM
101|1339|254204||1||Oct 27 2016  4:15PM
101|1346|5083||1||Oct 28 2016 10:21AM
101|1348|5083||1||Oct 28 2016 10:39AM
101|1349|253997||1||Oct 28 2016  1:56PM
101|1351|5109||1||Oct 31 2016  1:08PM
101|1352|5088||1||Nov  1 2016 10:13AM
101|1353|5088||1||Nov  1 2016 10:33AM
101|1354|5088||1||Nov  1 2016 10:48AM
101|1355|5088||1||Nov  1 2016 10:53AM
101|1356|5088||1||Nov  1 2016 11:03AM
101|1357|249303||1||Nov  4 2016 12:07PM
101|1358|249171||1||Nov  7 2016  9:58AM
101|1360|5109||1||Nov  7 2016 10:40AM
101|1361|15559||1||Nov 11 2016  2:52PM
101|1362|253872||1||Nov 14 2016  8:19AM
101|1363|253872||1||Nov 14 2016  8:33AM
101|1364|248894|N|3||Nov 14 2016 10:49AM
101|1365|5044||1||Nov 14 2016 12:47PM
101|1366|5044||1||Nov 14 2016 12:53PM
101|1367|5044||1||Nov 14 2016  1:16PM
101|1368|5044||1||Nov 14 2016  1:27PM
101|1369|5044||1||Nov 14 2016  1:33PM
101|1371|253961||1||Nov 14 2016  3:16PM
101|1372|5087||1||Nov 15 2016  3:19PM
101|1373|254118||1||Nov 15 2016  3:24PM
101|1374|5044||1||Nov 16 2016  8:20AM
101|1375|254669||1||Nov 16 2016 12:13PM
101|1377|254679||1||Nov 16 2016  4:24PM
101|1378|254115||1||Nov 18 2016  2:53PM
101|1379|254115||1||Nov 18 2016  3:10PM
101|1380|254115||1||Nov 18 2016  3:44PM
101|1381|5104||1||Nov 18 2016  3:51PM
101|1382|254042||1||Nov 20 2016  3:45PM
101|1383|253676||1||Nov 21 2016  2:19PM
101|1384|5090||1||Nov 21 2016  3:07PM
101|1391|252389||1||Nov 21 2016  4:29PM
101|1395|252389||1||Nov 21 2016  5:16PM
101|1396|254669||1||Nov 21 2016  8:48PM
101|1397|254669||1||Nov 21 2016  9:08PM
101|1401|5083||1||Nov 22 2016  3:29PM
101|1402|5083||1||Nov 22 2016  3:53PM
101|1403|5083||1||Nov 22 2016  4:14PM
101|1404|5087||1||Nov 23 2016  9:42AM
101|1405|249303||1||Nov 23 2016  9:33AM
101|1406|245106||1||Nov 23 2016 12:43PM
101|1407|245106||1||Nov 23 2016  1:05PM
101|1412|250266||1||Nov 23 2016  3:49PM
101|1413|5109||1||Nov 24 2016  8:31AM
101|1414|5071||1||Nov 24 2016 10:16AM
101|1415|5071||1||Nov 24 2016 10:19AM
101|1416|5071||1||Nov 24 2016 10:27AM
101|1417|5071||1||Nov 24 2016 10:30AM
101|1418|5071||1||Nov 24 2016 10:35AM
101|1419|5071||1||Nov 24 2016 11:04AM
101|1420|251252||1||Nov 24 2016 11:34AM
101|1421|249024||1||Nov 24 2016  1:27PM
101|1422|251252||1||Nov 24 2016  2:08PM
101|1423|249171||1||Nov 24 2016  9:20PM
101|1424|249171||1||Nov 24 2016  9:32PM
101|1425|249171||1||Nov 24 2016  9:38PM
101|1426|249024||1||Nov 25 2016 10:30AM
101|1427|249024||1||Nov 25 2016 11:12AM
101|1428|249024||1||Nov 25 2016 11:31AM
101|1429|254204||1||Nov 28 2016  9:07AM
101|1430|254204||1||Nov 28 2016  9:28AM
101|1431|254204||1||Nov 28 2016  9:44AM
101|1432|254000||1||Nov 28 2016  2:19PM
101|1433|254669||1||Nov 29 2016  3:37PM
101|1434|252836||1||Nov 30 2016  6:44PM
101|1436|252836||1||Nov 30 2016  6:44PM
101|1437|252836||1||Nov 30 2016  6:46PM
101|1439|5088||1||Dec  1 2016 11:18AM
101|1440|5088||1||Dec  1 2016 11:27AM
101|1441|5088||1||Dec  1 2016 11:42AM
101|1442|5088||1||Dec  1 2016 12:32PM
101|1443|5088||1||Dec  1 2016 12:42PM
101|1444|5090||1||Dec  1 2016  1:37PM
101|1448|254679||1||Dec  2 2016  7:42AM
101|1449|253676||1||Dec  2 2016  8:34AM
101|1450|253997||1||Dec  2 2016 11:38AM
101|1451|245106||1||Dec  2 2016  3:18PM
101|1453|5109||1||Dec  8 2016 11:18AM
101|1454|250750|N|3||Dec  8 2016  2:48PM
101|1455|250750|N|3||Dec  8 2016  3:04PM
101|1457|253676||1||Dec  8 2016  7:11PM
101|1458|245106||1||Dec  9 2016  9:37AM
101|1459|249024||1||Dec  9 2016 11:26AM
101|1460|249303||1||Dec  9 2016 10:22PM
101|1461|249303||1||Dec  9 2016 10:33PM
101|1462|249171||1||Dec 12 2016  7:57AM
101|1463|254679||1||Dec 12 2016  9:54AM
101|1464|251198||1||Dec 12 2016  1:04PM
101|1465|250652||1||Dec 12 2016  3:02PM
101|1466|250652||1||Dec 12 2016  3:15PM
101|1467|5044||1||Dec 14 2016  8:57AM
101|1468|5044||1||Dec 14 2016  9:09AM
101|1469|5044||1||Dec 14 2016  9:22AM
101|1470|13690||1||Dec 14 2016  5:55PM
101|1471|5071||1||Dec 15 2016 11:35AM
101|1472|5071||1||Dec 15 2016 11:51AM
101|1473|5071||1||Dec 15 2016 12:00PM
101|1474|5071||1||Dec 15 2016 12:03PM
101|1475|5088||1||Dec 15 2016  2:16PM
101|1476|249303||1||Dec 15 2016  8:17PM
101|1478|253961||1||Dec 16 2016  7:24AM
101|1479|253961||1||Dec 16 2016  7:50AM
101|1480|252836||1||Dec 17 2016  9:36AM
101|1482|254042||1||Dec 19 2016  7:23AM
101|1483|250266||1||Dec 19 2016  8:41AM
101|1484|254474||1||Dec 19 2016  9:25AM
101|1487|252389||1||Dec 19 2016  2:55PM
101|1488|5083||1||Dec 19 2016  3:45PM
101|1489|5083||1||Dec 19 2016  3:57PM
101|1493|5083||1||Dec 19 2016  4:14PM
101|1494|252389||1||Dec 19 2016  4:34PM
101|1495|5022||1||Dec 19 2016  6:49PM
101|1496|249024||1||Dec 20 2016 10:38AM
101|1500|252836||1||Dec 21 2016 11:47AM
101|1501|252836||1||Dec 21 2016 11:57AM
101|1502|252836||1||Dec 21 2016 12:14PM
101|1503|252836||1||Dec 21 2016 12:19PM
101|1504|252836||1||Dec 21 2016 12:24PM
101|1505|252836||1||Dec 21 2016 12:35PM
101|1506|252836||1||Dec 21 2016 12:56PM
101|1508|249171||1||Dec 21 2016  4:27PM
101|1509|254669||1||Dec 22 2016 10:24AM
101|1510|254115||1||Dec 22 2016  2:03PM
101|1511|254115||1||Dec 22 2016  2:37PM
101|1512|254115||1||Dec 22 2016  3:27PM
101|1513|254115||1||Dec 22 2016  3:42PM
101|1514|252836||1||Dec 22 2016  4:17PM
101|1515|249171||1||Dec 22 2016  5:21PM
101|1516|251198||1||Dec 23 2016  8:48AM
101|1517|249171||1||Jan  9 2017  1:54PM
101|1519|249171||1||Dec 23 2016  1:22PM
101|1524|5083||1||Jan 10 2017  1:09PM
101|1530|253872||1||Jan 19 2017 10:52AM
101|1531|249303||1||Jan 20 2017  7:11PM
101|1532|249171||1||Jan 22 2017  8:37PM
101|1533|253814||1||Jan 23 2017  8:47AM
101|1534|254205||1||Jan 25 2017  1:31PM
101|1536|250750|N|3||Jan 26 2017  5:11PM
101|1537|5083||1||Jan 27 2017  8:27AM
101|1538|5083||1||Jan 27 2017  8:46AM
101|1539|5104||1||Jan 27 2017  9:43AM
101|1540|254679||1||Jan 27 2017  6:41PM
101|1541|254115||1||Jan 30 2017  9:03AM
101|1542|254115||1||Jan 30 2017  9:38AM
101|1543|254115||1||Jan 30 2017 12:57PM
101|1544|253814||1||Feb  6 2017  8:53AM
101|1546|254715||1||Feb  1 2017  8:27AM
101|1548|5110||1||Feb  2 2017 10:36AM
101|1554|5104||1||Feb  6 2017 10:41AM
101|1555|254204||1||Feb  9 2017  1:13PM
101|1556|5109||1||Feb  6 2017 11:46AM
101|1560|254715||1||Feb  6 2017  2:22PM
101|1563|254679||1||Feb  8 2017 10:44AM
101|1564|254042||1||Feb  9 2017 10:15AM
101|1565|254204||1||Feb  9 2017  1:28PM
101|1566|254204||1||Feb  9 2017  2:05PM
101|1567|254205||1||Feb  9 2017  3:19PM
101|1569|249171||1||Feb 11 2017  6:29PM
101|1570|249171||1||Feb 11 2017  6:36PM
101|1571|5088||1||Feb 13 2017  6:25AM
101|1572|5088||1||Feb 13 2017  6:34AM
101|1573|5088||1||Feb 13 2017  6:56AM
101|1574|5088||1||Feb 13 2017  7:06AM
101|1576|5071||1||Feb 14 2017  4:55PM
101|1577|249303||1||Feb 15 2017  9:07AM
101|1578|5071||1||Feb 15 2017 10:04AM
101|1579|5071||1||Feb 15 2017 10:27AM
101|1580|253961||1||Feb 15 2017 12:07PM
101|1581|253961||1||Feb 15 2017 12:29PM
101|1582|253961||1||Feb 15 2017 12:33PM
101|1590|253997||1||Feb 15 2017  4:00PM
101|1591|254669||1||Feb 17 2017  4:39PM
101|1592|254669||1||Feb 17 2017  4:48PM
101|1593|5109||1||Feb 20 2017  8:17AM
101|1594|250266||1||Feb 20 2017  4:03PM
101|1595|250652||1||Feb 21 2017  4:45PM
101|1596|250652||1||Feb 21 2017  4:56PM
101|1600|250652||1||Feb 21 2017  9:12PM
101|1601|250652||1||Feb 21 2017  9:18PM
101|1602|250652||1||Feb 21 2017  9:31PM
101|1603|254000||1||Feb 22 2017  3:11PM
101|1604|245106||1||Feb 22 2017  5:01PM
101|1605|5090||1||Feb 23 2017  2:49PM
101|1606|253872||1||Feb 24 2017  8:41AM
101|1607|5022||1||Feb 27 2017  2:47AM
101|1608|250750|N|3||Feb 27 2017 12:57PM
101|1609|254669||1||Feb 27 2017  8:31PM
101|1610|5044||1||Feb 28 2017 12:59PM
101|1611|5044||1||Feb 28 2017  1:18PM
101|1612|5044||1||Feb 28 2017  1:26PM
101|1614|5044||1||Feb 28 2017  2:16PM
101|1615|5044||1||Feb 28 2017  2:27PM
101|1616|249171||1||Feb 28 2017  4:39PM
101|1617|249171||1||Feb 28 2017  5:32PM
101|1618|5109||1||Mar  1 2017 12:34PM
101|1619|5109||1||Mar  1 2017 12:35PM
101|1620|13690||1||Mar  1 2017  3:35PM
101|1621|253997||1||Mar  1 2017  4:10PM
101|1622|254679||1||Mar  2 2017 10:26AM
101|1623|253676||1||Mar  2 2017 11:08AM
101|1624|254204||1||Mar  6 2017  2:28PM
101|1625|253961||1||Mar  7 2017 10:29AM
101|1627|253872||1||Mar  8 2017  9:06AM
101|1628|5085||1||Mar  8 2017  1:07PM
101|1629|254679||1||Mar  9 2017  8:57AM
101|1639|254715||1||Mar 10 2017  1:46PM
101|1640|13690||1||Mar 12 2017  4:35PM
101|1641|248910|N|3||Mar 13 2017  7:11PM
101|1643|252389||1||Mar 14 2017 10:35AM
101|1645|249171||1||Mar 14 2017 12:09PM
101|1646|253676||1||Mar 15 2017 12:59PM
101|1647|5104||1||Mar 15 2017 10:28PM
101|1648|5071||1||Mar 16 2017 12:15PM
101|1649|5071||1||Mar 16 2017  1:44PM
101|1652|5071||1||Mar 16 2017  2:44PM
101|1653|254115||1||Mar 17 2017  7:25AM
101|1654|254258||1||Mar 17 2017  9:37AM
101|1655|254115||1||Mar 17 2017 11:20AM
101|1656|254115||1||Mar 17 2017 11:30AM
101|1657|254115||1||Mar 17 2017 11:42AM
101|1658|249171||1||Mar 19 2017  7:10PM
101|1662|254715||1||Mar 20 2017  1:42PM
101|1663|249303||1||Mar 20 2017  1:45PM
101|1664|249303||1||Mar 20 2017  2:43PM
101|1665|254204||1||Mar 21 2017  1:29PM
101|1666|5109||1||Mar 22 2017 10:22AM
101|1667|5083||1||Mar 23 2017  8:36AM
101|1668|5083||1||Mar 23 2017  8:45AM
101|1669|245106||1||Mar 23 2017  9:08AM
101|1670|253676||1||Mar 25 2017  3:06PM
101|1673|5071||1||Mar 24 2017  4:37PM
101|1674|5071||1||Mar 24 2017  4:46PM
101|1675|5088||1||Mar 26 2017  7:17AM
101|1676|5088||1||Mar 26 2017  7:24AM
101|1677|5088||1||Mar 26 2017  7:42AM
101|1678|5088||1||Mar 26 2017  7:45AM
101|1679|5088||1||Mar 26 2017  8:04AM
101|1680|5088||1||Mar 26 2017  8:16AM
101|1681|5088||1||Mar 26 2017  8:42AM
101|1683|5083||1||Mar 27 2017 10:58AM
101|1684|251198||1||Mar 27 2017 11:16AM
101|1686|5083||1||Mar 27 2017 11:21AM
101|1687|5083||1||Mar 27 2017 12:09PM
101|1691|5083||1||Mar 27 2017 12:27PM
101|1692|5083||1||Mar 27 2017 12:47PM
101|1693|5083||1||Mar 27 2017  1:03PM
101|1694|5083||1||Mar 27 2017  1:23PM
101|1695|250652||1||Mar 27 2017  3:03PM
101|1696|254679||1||Mar 29 2017  5:35AM
101|1703|5109||1||Mar 30 2017  6:38AM
101|1705|15559||1||Mar 30 2017 10:07AM
101|1707|253997||1||Mar 31 2017  7:36AM
101|1708|253997||1||Mar 31 2017  8:08AM
101|1709|5044||1||Apr  3 2017  7:34AM
101|1710|5044||1||Apr  3 2017  8:09AM
101|1711|249171||1||Apr  3 2017  4:16PM
101|1712|249171||1||Apr  3 2017  4:26PM
101|1714|249171||1||Apr  3 2017  4:39PM
101|1716|5022||1||Apr  4 2017 10:28AM
101|1717|5110||1||Apr  4 2017 11:58AM
101|1720|5110||1||Apr  4 2017 12:01PM
101|1736|250266||1||Apr  6 2017 12:33PM
101|1737|254258||1||Apr  7 2017  7:26AM
101|1738|253872||1||Apr  7 2017  7:50AM
101|1740|249303||1||Apr  7 2017  9:06AM
101|1741|254679||1||Apr  8 2017  3:05PM
101|1742|254669||1||Apr  8 2017  8:16PM
101|1743|254669||1||Apr  8 2017  9:02PM
101|1744|254669||1||Apr  8 2017  9:20PM
101|1746|254669||1||Apr  8 2017 10:00PM
101|1747|254669||1||Apr  8 2017 10:45PM
101|1748|13690||1||Apr 10 2017  7:18AM
101|1749|254204||1||Apr 10 2017 10:25AM
101|1750|254204||1||Apr 10 2017 11:50AM
101|1751|5083||1||Apr 10 2017 12:01PM
101|1753|5015||1||Apr 10 2017 12:42PM
101|1754|249171||1||Apr 10 2017  8:21PM
101|1756|249171||1||Apr 10 2017  8:43PM
101|1758|254040||1||Apr 12 2017  8:04AM
101|1760|245106||1||Apr 13 2017 12:40PM
101|1761|5087||1||Apr 13 2017  1:00PM
101|1762|5087||1||Apr 13 2017  1:29PM
101|1763|5087||1||Apr 13 2017  3:54PM
101|1770|254258||1||Apr 16 2017  3:53PM
101|1771|253997||1||Apr 18 2017 11:33AM
101|1775|254715||1||Apr 20 2017  4:39PM
101|1776|250750|Y|3||Apr 21 2017  4:31PM
101|1777|250750|Y|3||Apr 21 2017  4:36PM
101|1778|250266||1||Apr 24 2017  8:39AM
101|1779|249303||1||Apr 25 2017 11:52AM
101|1787|254115||1||Apr 26 2017  8:08PM
101|1788|254115||1||Apr 26 2017  9:23PM
101|1789|254115||1||Apr 26 2017  9:43PM
101|1790|253872||1||Apr 27 2017  8:05AM
101|1791|253997||1||Apr 28 2017  9:28AM
101|1792|254669||1||Apr 28 2017 11:52AM
101|1793|250652||1||Apr 28 2017 12:41PM
101|1794|5088||1||May  3 2017  2:17PM
101|1795|5088||1||May  3 2017  2:56PM
101|1796|5088||1||May  3 2017  3:40PM
101|1799|253961||1||May  8 2017  8:27AM
101|1800|5044||1||May  8 2017  9:30AM
101|1801|5044||1||May  8 2017  9:34AM
101|1802|253676||1||May  9 2017 12:30PM
101|1803|5090||1||May 12 2017  2:24PM
101|1805|5090||1||May 12 2017  4:28PM
101|1807|249171||1||May 14 2017  8:29PM
101|1809|254040||1||May 15 2017  7:27AM
101|1817|253872||1||May 15 2017 10:03AM
101|1822|254956|N|3||May 15 2017 10:35AM
101|1823|249024||1||May 15 2017  2:12PM
101|1824|248908|N|3||May 16 2017  6:23AM
101|1825|5109||1||May 16 2017  8:51AM
101|1826|5109||1||May 16 2017  8:52AM
101|1827|254204||1||May 16 2017  4:47PM
101|1828|249303||1||May 17 2017  1:02PM
101|1829|251252||1||May 17 2017  3:43PM
101|1830|5104||1||May 18 2017  8:31AM
101|1831|254284||1||May 18 2017 12:41PM
101|1836|13690||1||May 22 2017  5:30AM
101|1838|251198||1||May 22 2017  7:45AM
101|1840|248903|N|3||May 22 2017  7:43AM
101|1841|250266||1||May 22 2017  7:43AM
101|1844|250266||1||May 22 2017  7:48AM
101|1845|250266||1||May 22 2017  7:57AM
101|1846|254205||1||May 23 2017 12:40PM
101|1849|254204||1||May 23 2017  3:56PM
101|1850|253872||1||May 24 2017  1:49PM
101|1851|253676||1||May 24 2017  7:49PM
101|1852|5071||1||May 26 2017 12:10PM
101|1855|5071||1||May 26 2017 12:49PM
101|1857|248910|N|3||May 28 2017  9:24AM
101|1859|249304|N|3||May 29 2017  6:47AM
101|1860|5109||1||May 29 2017  8:20AM
101|1861|5109||1||May 29 2017  8:20AM
101|1862|249024||1||May 30 2017  9:21AM
101|1863|249024||1||May 30 2017  9:46AM
101|1864|249024||1||May 30 2017 10:17AM
101|1865|249024||1||May 30 2017 11:50AM
101|1866|254204||1||May 30 2017 11:54AM
101|1867|254204||1||May 30 2017 12:10PM
101|1868|249171||1||May 30 2017 12:45PM
101|1869|249024||1||May 30 2017 12:52PM
101|1870|249171||1||May 30 2017  1:23PM
101|1871|249024||1||May 30 2017  2:10PM
101|1872|5088||1||May 31 2017  9:29AM
101|1873|5088||1||May 31 2017 10:11AM
101|1874|5088||1||May 31 2017 10:32AM
101|1875|5088||1||May 31 2017 10:41AM
101|1876|245106||1||May 31 2017 12:33PM
101|1877|5085||1||Jun  2 2017  8:09AM
101|1878|254679||1||Jun  4 2017  8:48PM
101|1879|13690||1||Jun  8 2017  8:25AM
101|1880|253997||1||Jun  8 2017 12:39PM
101|1882|251252||1||Jun 10 2017  6:57AM
101|1884|5015||1||Jun 12 2017  8:41AM
101|1885|5044||1||Jun 12 2017  1:46PM
101|1887|13690||1||Jun 13 2017  6:13PM
101|1888|254852||1||Jun 14 2017  7:35AM
101|1889|253961||1||Jun 14 2017  7:47AM
101|1890|253676||1||Jun 14 2017 12:19PM
101|1893|5083||1||Jun 16 2017  2:31PM
101|1894|5083||1||Jun 16 2017  2:44PM
101|1895|249171||1||Jun 18 2017  4:55PM
101|1897|254040||1||Jun 19 2017  6:18AM
101|1899|245106||1||Jun 19 2017  9:23AM
101|1900|245106||1||Jun 19 2017 10:43AM
101|1901|5083||1||Jun 20 2017  1:32PM
101|1902|5083||1||Jun 20 2017  1:41PM
101|1903|5109||1||Jun 21 2017  7:53AM
101|1905|254115||1||Jun 21 2017  8:22AM
101|1906|254115||1||Jun 21 2017  8:57AM
101|1907|254115||1||Jun 21 2017  9:13AM
101|1908|254115||1||Jun 22 2017  7:49AM
101|1909|254115||1||Jun 22 2017  8:05AM
101|1910|253872||1||Jun 22 2017  8:48AM
101|1911|5044||1||Jun 22 2017 11:38AM
101|1912|249303||1||Jun 23 2017  7:25AM
101|1913|254715||1||Jun 23 2017  8:34AM
101|1914|5088||1||Jun 23 2017 12:29PM
101|1915|5088||1||Jun 23 2017 12:41PM
101|1916|5088||1||Jun 23 2017 12:48PM
101|1917|5088||1||Jun 23 2017 12:56PM
101|1918|5088||1||Jun 23 2017  1:03PM
101|1919|5088||1||Jun 23 2017  1:27PM
101|1920|5000||1||Jun 26 2017 12:13PM
101|1921|254258||1||Jun 26 2017  5:33PM
101|1922|5071||1||Jun 28 2017  8:43AM
101|1923|5044||1||Jun 28 2017  9:09AM
101|1924|253872||1||Jun 28 2017 10:38AM
101|1925|5088||1||Jun 29 2017  6:12AM
101|1928|249303||1||Jul  4 2017  7:30AM
101|1936|253997||1||Jul  5 2017  7:53AM
101|1937|249171||1||Jul  9 2017  8:47PM
101|1938|250750|Y|3||Jul 10 2017  1:31PM
101|1946|250750|N|3||Jul 10 2017  1:34PM
101|1947|250750|N|3||Jul 10 2017  1:46PM
101|1948|250750|N|3||Jul 13 2017  9:03AM
101|1950|249171||1||Jul 16 2017  6:25PM
101|1951|249171||1||Jul 16 2017  6:38PM
101|1952|249171||1||Jul 16 2017  6:43PM
101|1953|251198||1||Aug 11 2017  2:31PM
101|1955|251198||1||Aug 11 2017  2:55PM
101|1956|254474||1||Aug 17 2017 11:59AM
101|1958|248903|N|3||Dec 20 2017  9:24AM
